E_I: 0.813953488372093
N_J_sony1_5min_10s: 0.9767441860465116
N_J_sony1_5min_5s: 0.9418604651162791
N_J_1min_5s: 0.9418604651162791
N_J_1min_10s: 0.9767441860465116
J_N_sony1_5min_5s: 0.875
J_N_sony1_5min_10s: 0.84375
J_N_1min_5s: 0.875
J_N_1min_10s: 0.84375
E_I_sony1_5min_5s: 0.8620689655172413
E_I_sony1_5min_10: 0.813953488372093
E_I_sony1_1min_5s: 0.8620689655172413
E_I_sony1_1min_10s: 0.813953488372093
