lat,lon,acc,bear,bearAcc,mag_x,mag_y,mag_z,heading,33_dbm,25_dbm,181_dbm,200_dbm,208_dbm,189_dbm,246_dbm,459_dbm,188_dbm,131_dbm,484_dbm,timestamp,intersection_points,label
24.7892194,120.9950864,9.907999992370605,113.15087890625,0.0,46.26,6.66,-37.26,68.10037,-91,-93,0,0,0,0,0,0,0,0,0,17,0,0
24.7892194,120.9950864,9.907999992370605,113.15087890625,0.0,68.7,8.5199995,-25.859999,-92.17225,-91,-93,0,0,0,0,0,0,0,0,0,17,0,0
24.7892194,120.9950864,9.907999992370605,113.15087890625,0.0,63.48,9.24,-29.519999,-75.84876,-91,-93,0,0,0,0,0,0,0,0,0,17,0,0
24.7892217,120.9950859,10.168999671936035,342.7003173828125,0.0,44.7,7.7999997,-39.059998,7.946761,-91,-93,0,0,0,0,0,0,0,0,0,17,0,0
24.7892217,120.9950859,10.168999671936035,342.7003173828125,0.0,47.76,9.0,-35.64,-5.519432,-91,-93,0,0,0,0,0,0,0,0,0,17,0,0
24.7892307,120.9950795,10.234999656677246,313.1048889160156,0.0,69.54,11.639999,-21.359999,-101.81993,-91,-93,0,0,0,0,0,0,0,0,0,17,0,0
24.7892307,120.9950795,10.234999656677246,313.1048889160156,0.0,61.8,6.3599997,-31.56,-76.13956,-91,-93,0,0,0,0,0,0,0,0,0,17,0,0
24.7892307,120.9950795,10.234999656677246,313.1048889160156,0.0,45.78,2.04,-38.34,-116.66739,-91,-93,0,0,0,0,0,0,0,0,0,17,0,0
24.7892307,120.9950795,10.234999656677246,313.1048889160156,0.0,49.14,2.28,-36.54,-49.29207,-91,-93,0,0,0,0,0,0,0,0,0,17,0,0
24.7892437,120.995072,10.1899995803833,335.9130859375,0.0,68.159996,7.74,-24.66,-113.83059,-91,-93,0,0,0,0,0,0,0,0,0,17,0,0
24.7892437,120.995072,10.1899995803833,335.9130859375,0.0,59.579998,0.84,-32.88,-78.928375,-91,-93,0,0,0,0,0,0,0,0,0,17,0,0
24.7893174,120.9950712,10.157999992370605,352.0706787109375,0.0,76.439995,7.7999997,-16.44,-83.241005,-89,-87,0,0,0,0,0,0,0,0,0,17,0,0
24.7893313,120.9950694,10.104000091552734,350.35797119140625,0.0,62.579998,5.52,-30.42,-88.04918,-89,-87,0,0,0,0,0,0,0,0,0,17,0,0
24.7893313,120.9950694,10.104000091552734,350.35797119140625,0.0,57.239998,5.58,-33.42,2.80872,-89,-87,0,0,0,0,0,0,0,0,0,17,0,0
24.7893423,120.9950671,10.11400032043457,349.4894104003906,0.0,75.24,2.46,-21.0,-95.015236,-89,-87,0,0,0,0,0,0,0,0,0,17,0,0
24.7893423,120.9950671,10.11400032043457,349.4894104003906,0.0,63.239998,9.9,-27.66,-83.72203,-89,-87,0,0,0,0,0,0,0,0,0,17,0,0
24.7893423,120.9950671,10.11400032043457,349.4894104003906,0.0,40.02,18.539999,-28.74,24.410498,-89,-87,0,0,0,0,0,0,0,0,0,17,0,0
24.7893423,120.9950671,10.11400032043457,349.4894104003906,0.0,46.98,22.38,-24.48,-60.11783,-89,-87,0,0,0,0,0,0,0,0,0,17,0,0
24.7893423,120.9950671,10.11400032043457,349.4894104003906,0.0,56.16,21.72,-20.58,-72.11918,-89,-87,0,0,0,0,0,0,0,0,0,17,0,0
24.789363,120.995063,10.156000137329102,348.58465576171875,0.0,48.719997,19.02,-27.48,-49.847836,-89,-87,0,0,0,0,0,0,0,0,0,17,0,0
24.789363,120.995063,10.156000137329102,348.58465576171875,0.0,39.059998,17.88,-29.58,71.088974,-89,-87,0,0,0,0,0,0,0,0,0,17,0,0
24.789363,120.995063,10.156000137329102,348.58465576171875,0.0,50.94,25.439999,-18.24,-49.75163,-89,-87,0,0,0,0,0,0,0,0,0,17,0,0
24.789363,120.995063,10.156000137329102,348.58465576171875,0.0,57.66,18.48,-21.0,-70.5528,-89,-87,0,0,0,0,0,0,0,0,0,17,0,0
24.789363,120.995063,10.156000137329102,348.58465576171875,0.0,50.52,19.02,-25.92,-47.784077,-89,-87,0,0,0,0,0,0,0,0,0,17,0,0
24.789363,120.995063,10.156000137329102,348.58465576171875,0.0,46.62,15.96,-28.5,65.36726,-89,-87,0,0,0,0,0,0,0,0,0,17,0,0
24.7893824,120.9950603,10.142000198364258,349.7457580566406,0.0,65.1,20.58,-13.259999,-67.668915,-92,-93,0,0,0,0,0,0,0,0,0,17,0,0
24.7893824,120.9950603,10.142000198364258,349.7457580566406,0.0,70.68,8.82,-20.76,-84.571,-92,-93,0,0,0,0,0,0,0,0,0,17,0,0
24.7893824,120.9950603,10.142000198364258,349.7457580566406,0.0,66.18,13.92,-22.32,-58.196033,-92,-93,0,0,0,0,0,0,0,0,0,17,0,0
24.7893824,120.9950603,10.142000198364258,349.7457580566406,0.0,68.1,9.12,-25.74,-23.134886,-92,-93,0,0,0,0,0,0,0,0,0,17,0,0
24.7893928,120.9950578,10.175000190734863,350.5658874511719,0.0,78.24,6.3599997,-13.98,-85.94025,-92,-93,0,0,0,0,0,0,0,0,0,17,0,0
24.7893928,120.9950578,10.175000190734863,350.5658874511719,0.0,70.5,7.2,-23.82,-80.30238,-92,-93,0,0,0,0,0,0,0,0,0,17,0,0
24.7894041,120.995054,10.138999938964844,349.19390869140625,0.0,67.56,10.98,-24.3,-95.819214,-92,-93,0,0,0,0,0,0,0,0,0,17,0,0
24.7894041,120.995054,10.138999938964844,349.19390869140625,0.0,70.979996,9.66,-22.14,-65.04865,-92,-93,0,0,0,0,0,0,0,0,0,17,0,0
24.7894041,120.995054,10.138999938964844,349.19390869140625,0.0,76.68,1.4399999,-18.06,-87.64952,-92,-93,0,0,0,0,0,0,0,0,0,17,0,0
24.789416,120.9950472,9.95300006866455,344.9909973144531,0.0,70.32,5.4,-24.119999,-63.765976,-92,-93,0,0,0,0,0,0,0,0,0,17,0,0
24.789416,120.9950472,9.95300006866455,344.9909973144531,0.0,65.52,8.94,-26.699999,80.05716,-92,-93,0,0,0,0,0,0,0,0,0,17,0,0
24.7894279,120.9950406,9.946000099182129,342.4951477050781,0.0,74.88,4.44,-19.38,-83.113304,-92,-93,0,0,0,0,0,0,0,0,0,17,0,0
24.7894279,120.9950406,9.946000099182129,342.4951477050781,0.0,80.82,-3.84,-18.539999,-90.42875,-92,-93,0,0,0,0,0,0,0,0,0,17,0,0
24.7894279,120.9950406,9.946000099182129,342.4951477050781,0.0,72.54,4.38,-24.48,-57.970444,-92,-93,0,0,0,0,0,0,0,0,0,17,0,0
24.7894279,120.9950406,9.946000099182129,342.4951477050781,0.0,70.68,5.46,-23.039999,84.89432,-92,-93,0,0,0,0,0,0,0,0,0,17,0,0
24.7894397,120.9950341,9.91100025177002,341.2586364746094,0.0,77.34,7.2599998,-15.66,-79.64067,-92,-93,0,0,0,0,0,0,0,0,0,17,0,0
24.7894397,120.9950341,9.91100025177002,341.2586364746094,0.0,80.1,-0.59999996,-15.78,-88.35667,-92,-93,0,0,0,0,0,0,0,0,0,17,0,0
24.7894509,120.9950275,9.885000228881836,340.1925048828125,0.0,76.92,6.54,-18.3,-75.478935,-92,-93,0,0,0,0,0,0,0,0,0,17,0,0
24.7894509,120.9950275,9.885000228881836,340.1925048828125,0.0,75.84,2.8799999,-18.84,-164.56926,-92,-93,0,0,0,0,0,0,0,0,0,17,0,0
24.7894509,120.9950275,9.885000228881836,340.1925048828125,0.0,81.6,2.1,-12.12,-69.91923,-92,-93,0,0,0,0,0,0,0,0,0,17,0,0
24.7894509,120.9950275,9.885000228881836,340.1925048828125,0.0,81.24,-5.64,-14.82,-95.39041,-92,-93,0,0,0,0,0,0,0,0,0,17,0,0
24.7894615,120.9950209,9.800999641418457,339.0621337890625,0.0,76.2,6.2999997,-17.52,-65.760994,-92,-93,0,0,0,0,0,0,0,0,0,17,0,0
24.7894615,120.9950209,9.800999641418457,339.0621337890625,0.0,73.5,5.46,-21.66,-7.533731,-92,-93,0,0,0,0,0,0,0,0,0,17,0,0
24.7894706,120.9950141,9.803000450134277,337.2962341308594,0.0,80.4,0.96,-14.82,-81.16007,-92,-93,0,0,0,0,0,0,0,0,0,17,0,0
24.7894706,120.9950141,9.803000450134277,337.2962341308594,0.0,77.4,-3.4199998,-20.22,-93.70708,-90,-90,0,0,0,0,0,0,0,0,0,17,0,0
24.7894778,120.9950076,9.791000366210938,335.3822937011719,0.0,72.24,8.639999,-19.08,-70.197586,-90,-90,0,0,0,0,0,0,0,0,0,17,0,0
24.7894778,120.9950076,9.791000366210938,335.3822937011719,0.0,72.9,5.04,-21.24,-19.171194,-90,-90,0,0,0,0,0,0,0,0,0,17,0,0
24.7894778,120.9950076,9.791000366210938,335.3822937011719,0.0,81.54,-2.52,-13.38,-97.20514,-90,-90,0,0,0,0,0,0,0,0,0,17,0,0
24.7894778,120.9950076,9.791000366210938,335.3822937011719,0.0,78.6,-2.76,-17.94,-79.26069,-90,-90,0,0,0,0,0,0,0,0,0,17,0,0
24.7894855,120.9950011,9.819999694824219,333.9490051269531,0.0,76.92,5.7,-15.839999,-74.27098,-90,-90,0,0,0,0,0,0,0,0,0,17,0,0
24.7894855,120.9950011,9.819999694824219,333.9490051269531,0.0,77.88,5.52,-14.04,-43.7135,-90,-90,0,0,0,0,0,0,0,0,0,17,0,0
24.7894855,120.9950011,9.819999694824219,333.9490051269531,0.0,82.439995,-2.46,-9.9,-92.158066,-90,-90,0,0,0,0,0,0,0,0,0,17,0,0
24.7894927,120.9949943,9.885000228881836,332.2576904296875,0.0,77.82,1.38,-16.74,-79.943596,-90,-90,0,0,0,0,0,0,0,0,0,17,0,0
24.7894927,120.9949943,9.885000228881836,332.2576904296875,0.0,74.34,6.96,-17.16,77.589874,-90,-90,0,0,0,0,0,0,0,0,0,17,0,0
24.7895011,120.9949881,9.869999885559082,331.4880065917969,0.0,78.06,4.2599998,-10.74,-80.16684,-90,-90,0,0,0,0,0,0,0,0,0,17,0,0
24.7895011,120.9949881,9.869999885559082,331.4880065917969,0.0,81.659996,-1.56,-10.0199995,-90.63782,-90,-90,0,0,0,0,0,0,0,0,0,17,0,0
24.7895011,120.9949881,9.869999885559082,331.4880065917969,0.0,76.439995,4.92,-13.2,-73.454796,-94,-88,0,0,0,0,0,0,0,0,0,17,0,0
24.7895011,120.9949881,9.869999885559082,331.4880065917969,0.0,76.02,6.18,-13.44,108.1692,-94,-88,0,0,0,0,0,0,0,0,0,17,0,0
24.7895078,120.9949807,9.902999877929688,329.43060302734375,0.0,81.42,3.3,-3.54,-86.89534,-94,-88,0,0,0,0,0,0,0,0,0,17,0,0
24.7895078,120.9949807,9.902999877929688,329.43060302734375,0.0,82.259995,-1.5,-6.8999996,-89.179634,-94,-88,0,0,0,0,0,0,0,0,0,17,0,0
24.7895157,120.9949738,9.907999992370605,328.7037353515625,0.0,78.18,6.0,-11.04,-73.639404,-94,-88,0,0,0,0,0,0,0,0,0,17,0,0
24.7895157,120.9949738,9.907999992370605,328.7037353515625,0.0,77.82,5.2799997,-13.679999,-94.59421,-94,-88,0,0,0,0,0,0,0,0,0,17,0,0
24.7895157,120.9949738,9.907999992370605,328.7037353515625,0.0,82.86,1.4399999,-3.6,-88.1656,-94,-88,0,0,0,0,0,0,0,0,0,17,0,0
24.7895157,120.9949738,9.907999992370605,328.7037353515625,0.0,83.939995,-5.7,-6.2999997,-92.96376,-94,-88,0,0,0,0,0,0,0,0,0,17,0,0
24.7895219,120.9949652,10.038000106811523,326.6060485839844,0.0,81.06,4.3199997,-5.58,-77.60835,-94,-88,0,0,0,0,0,0,0,0,0,17,0,0
24.7895219,120.9949652,10.038000106811523,326.6060485839844,0.0,80.759995,2.3999999,-8.34,-88.5,-94,-88,0,0,0,0,0,0,0,0,0,17,0,0
24.789529,120.9949575,10.098999977111816,325.90789794921875,0.0,84.84,-4.56,0.84,-87.62349,-94,-88,0,0,0,0,0,0,0,0,0,17,0,0
24.789529,120.9949575,10.098999977111816,325.90789794921875,0.0,84.42,-6.54,-4.3199997,-93.44612,-94,-88,0,0,0,0,0,0,0,0,0,17,0,0
24.789529,120.9949575,10.098999977111816,325.90789794921875,0.0,82.2,3.72,-5.58,-80.86623,-94,-88,0,0,0,0,0,0,0,0,0,17,0,0
24.789529,120.9949575,10.098999977111816,325.90789794921875,0.0,83.939995,2.46,-7.08,-33.494812,-94,-88,0,0,0,0,0,0,0,0,0,17,0,0
24.7895336,120.9949483,10.086999893188477,323.9798889160156,0.0,86.759995,-4.62,2.3999999,-101.26498,-94,-88,0,0,0,0,0,0,0,0,0,17,0,0
24.7895398,120.9949414,10.086000442504883,323.2785949707031,0.0,86.46,-8.16,-3.48,-94.69402,-94,-88,0,0,0,0,0,0,0,0,0,17,0,0
24.7895398,120.9949414,10.086000442504883,323.2785949707031,0.0,83.759995,4.2599998,-8.28,-84.03595,-91,-87,0,0,0,0,0,0,0,0,0,17,0,0
24.7895464,120.9949322,10.081999778747559,321.94915771484375,0.0,84.18,0.65999997,-10.62,-55.068382,-91,-87,0,0,0,0,0,0,0,0,0,17,0,0
24.7895464,120.9949322,10.081999778747559,321.94915771484375,0.0,87.659996,-11.7,1.14,-108.87124,-91,-87,0,0,0,0,0,0,0,0,0,17,0,0
24.7895464,120.9949322,10.081999778747559,321.94915771484375,0.0,86.159996,-9.3,-7.8599997,-94.86053,-91,-87,0,0,0,0,0,0,0,0,0,17,0,0
24.7895464,120.9949322,10.081999778747559,321.94915771484375,0.0,81.06,4.38,-12.0,148.55643,-91,-87,0,0,0,0,0,0,0,0,0,17,0,0
24.7895531,120.9949211,10.133999824523926,319.9179992675781,0.0,83.58,2.3999999,-10.32,-73.60438,-91,-87,0,0,0,0,0,0,0,0,0,17,0,0
24.7895531,120.9949211,10.133999824523926,319.9179992675781,0.0,87.36,-6.72,-5.16,-83.21524,-91,-87,0,0,0,0,0,0,0,0,0,17,0,0
24.7895599,120.9949126,10.14799976348877,319.1231689453125,0.0,83.7,-1.9799999,-12.599999,-87.03045,-91,-87,0,0,0,0,0,0,0,0,0,17,0,0
24.7895599,120.9949126,10.14799976348877,319.1231689453125,0.0,81.24,3.54,-13.679999,104.67743,-91,-87,0,0,0,0,0,0,0,0,0,17,0,0
24.7895599,120.9949126,10.14799976348877,319.1231689453125,0.0,85.439995,0.65999997,-7.3199997,-81.581764,-91,-87,0,0,0,0,0,0,0,0,0,17,0,0
24.7895599,120.9949126,10.14799976348877,319.1231689453125,0.0,87.659996,-10.8,-3.48,-85.35925,-91,-87,0,0,0,0,0,0,0,0,0,17,0,0
24.7895656,120.9949024,10.206999778747559,317.436767578125,0.0,84.0,-0.17999999,-11.219999,-59.247246,-91,-87,0,0,0,0,0,0,0,0,0,17,0,0
24.7895656,120.9949024,10.206999778747559,317.436767578125,0.0,83.4,0.48,-12.059999,94.48167,-93,0,-90,0,0,0,0,0,0,0,0,17,0,0
24.7895734,120.9948937,10.210000038146973,317.29534912109375,0.0,87.72,-5.58,-2.28,-88.06573,-93,0,-90,0,0,0,0,0,0,0,0,17,0,0
24.7895734,120.9948937,10.210000038146973,317.29534912109375,0.0,87.24,-13.38,-3.0,-94.80664,-93,0,-90,0,0,0,0,0,0,0,0,17,0,0
24.7895734,120.9948937,10.210000038146973,317.29534912109375,0.0,86.64,-5.3399997,-6.8399997,-83.76794,-93,0,-90,0,0,0,0,0,0,0,0,17,0,0
24.7895734,120.9948937,10.210000038146973,317.29534912109375,0.0,86.159996,-4.3199997,-6.8999996,-88.79131,-93,0,-90,0,0,0,0,0,0,0,0,17,0,0
24.7895811,120.9948837,10.197999954223633,316.55853271484375,0.0,88.259995,-12.0,0.84,-97.7163,-93,0,-90,0,0,0,0,0,0,0,0,17,0,0
24.7895874,120.9948753,10.156000137329102,315.9700012207031,0.0,86.82,-17.94,-4.14,-102.520294,-93,0,-90,0,0,0,0,0,0,0,0,17,0,0
24.7895874,120.9948753,10.156000137329102,315.9700012207031,0.0,85.74,-7.2599998,-5.8799996,-80.84023,-93,0,-90,0,0,0,0,0,0,0,0,17,0,0
24.7895874,120.9948753,10.156000137329102,315.9700012207031,0.0,86.82,-9.54,-3.9599998,-56.948086,-93,0,-90,0,0,0,0,0,0,0,0,17,0,0
24.7895874,120.9948753,10.156000137329102,315.9700012207031,0.0,87.06,-20.34,4.92,-104.352135,-93,0,-90,0,0,0,0,0,0,0,0,17,0,0
24.7895874,120.9948753,10.156000137329102,315.9700012207031,0.0,85.68,-22.38,-0.29999998,-103.77611,-93,0,-90,0,0,0,0,0,0,0,0,17,0,0
24.7895934,120.9948643,10.072999954223633,314.1376037597656,0.0,87.72,-12.42,-1.3199999,-96.06204,-93,0,-90,0,0,0,0,0,0,0,0,17,0,0
24.7895996,120.9948534,10.029999732971191,312.4156494140625,0.0,88.86,-18.72,3.8999999,-96.844025,-93,0,-90,0,0,0,0,0,0,0,0,17,0,0
24.7895996,120.9948534,10.029999732971191,312.4156494140625,0.0,86.1,-25.619999,10.679999,-111.19154,-93,0,-90,0,0,0,0,0,0,0,0,17,0,0
24.7895996,120.9948534,10.029999732971191,312.4156494140625,0.0,87.24,-22.859999,-0.12,-99.39605,-93,0,-90,0,0,0,0,0,0,0,0,17,0,0
24.7895996,120.9948534,10.029999732971191,312.4156494140625,0.0,89.88,-11.58,2.6399999,-156.20337,-93,0,-90,0,0,0,0,0,0,0,0,17,0,0
24.7895996,120.9948534,10.029999732971191,312.4156494140625,0.0,89.34,-13.74,3.54,-89.88139,-93,0,-90,0,0,0,0,0,0,0,0,17,0,0
24.7896053,120.9948417,9.946000099182129,310.34564208984375,0.0,87.9,-23.58,7.68,-96.827255,-93,0,-90,0,0,0,0,0,0,0,0,17,0,0
24.7896109,120.9948307,9.946999549865723,308.307373046875,0.0,88.74,-15.9,-2.34,-86.89617,-93,0,-90,0,0,0,0,0,0,0,0,17,0,0
24.7896109,120.9948307,9.946999549865723,308.307373046875,0.0,86.82,-8.7,-7.08,116.3775,-93,0,-90,0,0,0,0,0,0,0,0,17,0,0
24.7896109,120.9948307,9.946999549865723,308.307373046875,0.0,87.0,-17.4,-2.8799999,-96.338776,-93,0,-87,0,0,0,0,0,0,0,0,17,0,0
24.7896164,120.9948203,9.91100025177002,306.6768493652344,0.0,82.799995,-28.14,-1.02,-111.06866,-93,0,-87,0,0,0,0,0,0,0,0,17,0,0
24.7896164,120.9948203,9.91100025177002,306.6768493652344,0.0,85.74,-13.799999,-4.98,-88.94621,-93,0,-87,0,0,0,0,0,0,0,0,17,0,0
24.7896164,120.9948203,9.91100025177002,306.6768493652344,0.0,85.68,-11.88,-5.52,-107.899,-93,0,-87,0,0,0,0,0,0,0,0,17,0,0
24.7896218,120.9948091,9.930000305175781,305.3386535644531,0.0,85.86,-22.619999,1.02,-105.580246,-93,0,-87,0,0,0,0,0,0,0,0,17,0,0
24.7896218,120.9948091,9.930000305175781,305.3386535644531,0.0,84.18,-26.519999,-2.1599998,-107.08858,-93,0,-87,0,0,0,0,0,0,0,0,17,0,0
24.7896218,120.9948091,9.930000305175781,305.3386535644531,0.0,86.22,-13.74,-0.78,-102.06265,-93,0,-87,0,0,0,0,0,0,0,0,17,0,0
24.7896218,120.9948091,9.930000305175781,305.3386535644531,0.0,85.439995,-18.96,1.3199999,-84.431305,-93,0,-87,0,0,0,0,0,0,0,0,17,0,0
24.7896267,120.9947967,9.843000411987305,303.54638671875,0.0,82.74,-28.199999,5.58,-110.958275,-93,0,0,-85,0,0,0,0,0,0,0,17,0,0
24.7896267,120.9947967,9.843000411987305,303.54638671875,0.0,83.7,-24.3,-1.1999999,-109.02684,-93,0,0,-85,0,0,0,0,0,0,0,17,0,0
24.7896315,120.9947863,9.814000129699707,302.8403625488281,0.0,85.74,-11.4,4.44,105.28734,-93,0,0,-85,0,0,0,0,0,0,0,17,0,0
24.7896315,120.9947863,9.814000129699707,302.8403625488281,0.0,84.18,-20.279999,8.88,-107.673676,-93,0,0,-85,0,0,0,0,0,0,0,17,0,0
24.7896315,120.9947863,9.814000129699707,302.8403625488281,0.0,79.799995,-31.98,4.44,-116.340965,-93,0,0,-85,0,0,0,0,0,0,0,17,0,0
24.7896361,120.9947718,9.87399959564209,300.8392639160156,0.0,77.82,-32.399998,-4.38,-109.20247,-93,0,0,-85,0,0,0,0,0,0,0,17,0,0
24.7896361,120.9947718,9.87399959564209,300.8392639160156,0.0,77.1,-31.019999,-8.88,161.6349,-85,0,0,-89,0,0,0,0,0,0,0,17,0,0
24.7896413,120.9947587,9.918999671936035,299.87554931640625,0.0,75.06,-38.219997,0.17999999,-116.04389,-85,0,0,-89,0,0,0,0,0,0,0,17,0,0
24.7896413,120.9947587,9.918999671936035,299.87554931640625,0.0,76.02,-34.92,2.76,-119.81228,-85,0,0,-89,0,0,0,0,0,0,0,17,0,0
24.7896413,120.9947587,9.918999671936035,299.87554931640625,0.0,82.619995,-20.939999,0.24,-135.93996,-85,0,0,-89,0,0,0,0,0,0,0,17,0,0
24.7896413,120.9947587,9.918999671936035,299.87554931640625,0.0,83.58,-6.8999996,-2.8799999,-146.54243,-85,0,0,-89,0,0,0,0,0,0,0,17,0,0
24.7896461,120.9947424,9.954999923706055,297.3767395019531,0.0,82.799995,-22.26,12.719999,-102.65239,-85,0,0,-89,0,0,0,0,0,0,0,17,0,0
24.7896461,120.9947424,9.954999923706055,297.3767395019531,0.0,81.18,-28.859999,9.599999,-109.765114,-85,0,0,-89,0,0,0,0,0,0,0,17,0,0
24.7896505,120.9947312,9.947999954223633,296.70318603515625,0.0,84.299995,-15.96,4.38,160.13356,-85,0,0,-89,0,0,0,0,0,0,0,17,0,0
24.7896505,120.9947312,9.947999954223633,296.70318603515625,0.0,84.659996,-13.62,6.24,-107.26666,-85,0,0,-89,0,0,0,0,0,0,0,17,0,0
24.7896505,120.9947312,9.947999954223633,296.70318603515625,0.0,82.08,-24.18,12.9,-115.55202,-85,0,0,-89,0,0,0,0,0,0,0,17,0,0
24.7896505,120.9947312,9.947999954223633,296.70318603515625,0.0,80.4,-26.76,15.719999,-105.21131,-85,0,0,-89,0,0,0,0,0,0,0,17,0,0
24.7896505,120.9947312,9.947999954223633,296.70318603515625,0.0,85.799995,-14.099999,4.56,-162.5116,-85,0,0,-89,0,0,0,0,0,0,0,17,0,0
24.7896505,120.9947312,9.947999954223633,296.70318603515625,0.0,83.58,-21.42,15.059999,-98.214645,-85,0,0,-89,0,0,0,0,0,0,0,17,0,0
24.7896533,120.9947193,9.881999969482422,295.7103576660156,0.0,75.6,-35.64,15.48,-158.26566,-85,0,0,-89,0,0,0,0,0,0,0,17,0,0
24.7896545,120.9947069,9.758999824523926,294.22015380859375,0.0,82.2,-24.3,13.32,-112.862335,-85,0,0,-89,0,0,0,0,0,0,0,17,0,0
24.7896545,120.9947069,9.758999824523926,294.22015380859375,0.0,84.299995,-12.12,-0.84,144.53224,-85,0,0,-89,0,0,0,0,0,0,0,17,0,0
24.7896545,120.9947069,9.758999824523926,294.22015380859375,0.0,81.06,-25.74,11.759999,-104.67711,-85,0,0,-89,0,0,0,0,0,0,0,17,0,0
24.7896572,120.9946936,9.741999626159668,293.0492248535156,0.0,76.259995,-34.38,12.24,-115.6993,0,-89,0,0,-88,0,0,0,0,0,0,17,0,0
24.7896572,120.9946936,9.741999626159668,293.0492248535156,0.0,83.1,-21.9,9.3,-153.74184,0,-89,0,0,-88,0,0,0,0,0,0,17,0,0
24.7896572,120.9946936,9.741999626159668,293.0492248535156,0.0,85.259995,-14.88,6.0,-121.84471,0,-89,0,0,-88,0,0,0,0,0,0,17,0,0
24.7896577,120.994677,9.730999946594238,290.7409362792969,0.0,81.24,-27.42,14.16,-132.49706,0,-89,0,0,-88,0,0,0,0,0,0,17,0,0
24.7896577,120.994677,9.730999946594238,290.7409362792969,0.0,81.9,-26.34,6.7799997,-105.82152,0,-89,0,0,-88,0,0,0,0,0,0,17,0,0
24.7896594,120.9946621,9.718000411987305,289.50274658203125,0.0,84.479996,-15.96,-3.78,-120.240906,0,-89,0,0,-88,0,0,0,0,0,0,17,0,0
24.7896594,120.9946621,9.718000411987305,289.50274658203125,0.0,84.78,-12.54,-1.0799999,-106.876465,0,-89,0,0,-88,0,0,0,0,0,0,17,0,0
24.7896594,120.9946621,9.718000411987305,289.50274658203125,0.0,80.64,-29.16,7.9199996,-124.763565,0,-89,0,0,-88,0,0,0,0,0,0,17,0,0
24.7896612,120.9946488,9.729000091552734,288.46002197265625,0.0,81.18,-25.92,11.28,-105.388245,0,-89,0,0,-88,0,0,0,0,0,0,17,0,0
24.7896612,120.9946488,9.729000091552734,288.46002197265625,0.0,84.72,-13.799999,3.9599998,-139.85526,0,-89,0,0,-88,0,0,0,0,0,0,17,0,0
24.7896612,120.9946488,9.729000091552734,288.46002197265625,0.0,83.04,-20.82,15.66,-102.42718,0,-89,0,0,-88,0,0,0,0,0,0,17,0,0
24.7896623,120.994637,9.661999702453613,287.543212890625,0.0,78.72,-32.16,10.679999,-122.10485,0,-89,0,0,-88,0,0,0,0,0,0,17,0,0
24.7896623,120.994637,9.661999702453613,287.543212890625,0.0,82.92,-19.439999,14.759999,-121.98835,0,-89,0,0,-88,0,0,0,0,0,0,17,0,0
24.7896623,120.994637,9.661999702453613,287.543212890625,0.0,85.2,-14.219999,5.8799996,161.30038,0,-90,0,0,-92,0,0,0,0,0,0,17,0,0
24.78966,120.9946234,9.75,285.15118408203125,0.0,79.92,-31.08,12.24,-102.46572,0,-90,0,0,-92,0,0,0,0,0,0,17,0,0
24.78966,120.9946234,9.75,285.15118408203125,0.0,78.24,-35.219997,9.719999,-113.2986,0,-90,0,0,-92,0,0,0,0,0,0,17,0,0
24.78966,120.9946234,9.75,285.15118408203125,0.0,84.06,-21.24,12.48,-132.54402,0,-90,0,0,-92,0,0,0,0,0,0,17,0,0
24.78966,120.9946234,9.75,285.15118408203125,0.0,84.299995,-22.74,8.94,-79.25689,0,-90,0,0,-92,0,0,0,0,0,0,17,0,0
24.7896561,120.9946092,9.793999671936035,282.0705871582031,0.0,78.6,-34.38,7.2,-113.07174,0,-90,0,0,-92,0,0,0,0,0,0,17,0,0
24.7896561,120.9946092,9.793999671936035,282.0705871582031,0.0,80.52,-29.039999,9.0,-102.06597,0,-90,0,0,-92,0,0,0,0,0,0,17,0,0
24.7896546,120.9945964,9.866000175476074,280.29168701171875,0.0,84.54,-18.42,6.18,-150.01219,0,-90,0,0,-92,0,0,0,0,0,0,17,0,0
24.7896546,120.9945964,9.866000175476074,280.29168701171875,0.0,80.52,-30.0,9.719999,-93.27256,0,-90,0,0,-92,0,0,0,0,0,0,17,0,0
24.7896546,120.9945964,9.866000175476074,280.29168701171875,0.0,78.78,-32.94,7.9199996,-115.85458,0,-90,0,0,-92,0,0,0,0,0,0,17,0,0
24.7896499,120.994583,9.970000267028809,277.6337890625,0.0,80.28,-25.98,13.139999,-112.18839,0,-90,0,0,-92,0,0,0,0,0,0,17,0,0
24.7896499,120.994583,9.970000267028809,277.6337890625,0.0,82.56,-25.619999,-0.12,-125.03631,0,-90,0,0,-92,0,0,0,0,0,0,17,0,0
24.7896499,120.994583,9.970000267028809,277.6337890625,0.0,81.24,-28.74,4.62,-121.11354,0,-90,0,0,-92,0,0,0,0,0,0,17,0,0
24.789648,120.9945692,10.08899974822998,276.6379699707031,0.0,78.479996,-36.42,10.0199995,-103.17678,0,0,0,0,-83,-93,0,0,0,0,0,17,0,0
24.789648,120.9945692,10.08899974822998,276.6379699707031,0.0,82.979996,-29.46,12.9,-152.22208,0,0,0,0,-83,-93,0,0,0,0,0,17,0,0
24.789648,120.9945692,10.08899974822998,276.6379699707031,0.0,80.58,-35.1,9.3,-121.108246,0,0,0,0,-83,-93,0,0,0,0,0,17,0,0
24.789645,120.9945557,10.199999809265137,274.6966552734375,0.0,70.799995,-44.219997,0.35999998,-114.488174,0,0,0,0,-83,-93,0,0,0,0,0,17,0,0
24.789645,120.9945557,10.199999809265137,274.6966552734375,0.0,74.58,-42.239998,8.46,-118.020905,0,0,0,0,-83,-93,0,0,0,0,0,17,0,0
24.789645,120.9945557,10.199999809265137,274.6966552734375,0.0,81.6,-32.399998,9.24,-157.60748,0,0,0,0,-83,-93,0,0,0,0,0,17,0,0
24.789645,120.9945557,10.199999809265137,274.6966552734375,0.0,75.54,-40.68,8.04,-116.89217,0,0,0,0,-83,-93,0,0,0,0,0,17,0,0
24.7896425,120.9945424,10.180000305175781,272.61041259765625,0.0,69.42,-45.239998,-1.86,-122.34747,0,0,0,0,-83,-93,0,0,0,0,0,17,0,0
24.7896425,120.9945424,10.180000305175781,272.61041259765625,0.0,73.14,-41.579998,4.02,-118.41597,0,0,0,0,-83,-93,0,0,0,0,0,17,0,0
24.7896406,120.99453,10.159000396728516,271.16802978515625,0.0,79.14,-34.02,1.86,-171.63873,0,0,0,0,-83,-93,0,0,0,0,0,17,0,0
24.7896406,120.99453,10.159000396728516,271.16802978515625,0.0,75.18,-38.52,1.3199999,-118.04386,0,0,0,0,-83,-93,0,0,0,0,0,17,0,0
24.7896406,120.99453,10.159000396728516,271.16802978515625,0.0,72.299995,-41.34,-4.5,-120.48197,0,0,0,0,-83,-93,0,0,0,0,0,17,0,0
24.789639,120.9945174,10.131999969482422,270.04620361328125,0.0,77.4,-36.84,9.78,-127.36749,0,0,0,0,-83,-93,0,0,0,0,0,17,0,0
24.789639,120.9945174,10.131999969482422,270.04620361328125,0.0,81.119995,-30.539999,7.3199997,159.76256,0,0,0,0,-83,-93,0,0,0,0,0,17,0,0
24.789637,120.9945056,10.152000427246094,268.8332214355469,0.0,74.1,-40.14,4.44,-116.02483,0,0,0,0,-83,-93,0,0,0,0,0,17,0,0
24.789637,120.9945056,10.152000427246094,268.8332214355469,0.0,72.72,-40.379997,0.65999997,-118.19436,0,0,0,0,-91,-94,0,0,0,0,0,17,0,0
24.789637,120.9945056,10.152000427246094,268.8332214355469,0.0,77.46,-34.92,13.139999,-152.04446,0,0,0,0,-91,-94,0,0,0,0,0,17,0,0
24.789637,120.9945056,10.152000427246094,268.8332214355469,0.0,81.479996,-30.06,8.5199995,-149.30354,0,0,0,0,-91,-94,0,0,0,0,0,17,0,0
24.7896333,120.9944922,10.144000053405762,266.9432373046875,0.0,73.38,-41.46,2.3999999,-114.46509,0,0,0,0,-91,-94,0,0,0,0,0,17,0,0
24.7896333,120.9944922,10.144000053405762,266.9432373046875,0.0,71.46,-41.399998,-0.29999998,-121.91039,0,0,0,0,-91,-94,0,0,0,0,0,17,0,0
24.7896295,120.9944775,10.125,265.1983642578125,0.0,77.939995,-32.28,15.0,-165.55945,0,0,0,0,-91,-94,0,0,0,0,0,17,0,0
24.7896295,120.9944775,10.125,265.1983642578125,0.0,79.02,-33.96,12.48,-138.92003,0,0,0,0,-91,-94,0,0,0,0,0,17,0,0
24.7896295,120.9944775,10.125,265.1983642578125,0.0,71.939995,-41.879997,4.2599998,-113.19469,0,0,0,0,-91,-94,0,0,0,0,0,17,0,0
24.7896295,120.9944775,10.125,265.1983642578125,0.0,72.0,-41.34,9.84,-119.044815,0,0,0,0,-91,-94,0,0,0,0,0,17,0,0
24.7896257,120.9944634,10.067999839782715,263.4454650878906,0.0,78.36,-34.38,16.38,173.51553,0,0,0,0,-91,-94,0,0,0,0,0,17,0,0
24.7896257,120.9944634,10.067999839782715,263.4454650878906,0.0,75.84,-36.48,12.36,-131.05087,0,0,0,0,-91,-94,0,0,0,0,0,17,0,0
24.7896257,120.9944634,10.067999839782715,263.4454650878906,0.0,71.88,-41.46,-2.46,-111.76126,0,0,0,0,-91,-94,0,0,0,0,0,17,0,0
24.7896219,120.9944519,9.932999610900879,261.77081298828125,0.0,70.92,-42.6,1.8,-123.63406,0,0,0,0,-91,-94,0,0,0,0,0,17,0,0
24.7896219,120.9944519,9.932999610900879,261.77081298828125,0.0,76.02,-37.38,9.48,149.89882,0,0,0,0,-91,-94,0,0,0,0,0,17,0,0
24.7896189,120.9944415,9.907999992370605,260.7960205078125,0.0,72.54,-41.34,8.22,-124.957794,0,0,0,0,-91,-94,0,0,0,0,0,17,0,0
24.7896189,120.9944415,9.907999992370605,260.7960205078125,0.0,69.659996,-43.92,-3.48,-116.31778,0,0,0,0,-91,-94,0,0,0,0,0,17,0,0
24.7896189,120.9944415,9.907999992370605,260.7960205078125,0.0,72.84,-43.02,7.3799996,-125.347946,0,0,0,0,-91,-94,0,0,0,0,0,17,0,0
24.7896189,120.9944415,9.907999992370605,260.7960205078125,0.0,78.479996,-34.079998,15.78,175.66135,0,0,0,0,-91,-94,0,0,0,0,0,17,0,0
24.7896189,120.9944415,9.907999992370605,260.7960205078125,0.0,70.92,-41.52,8.099999,-118.847084,0,0,0,0,-91,-94,0,0,0,0,0,17,0,0
24.7896146,120.9944313,9.96500015258789,258.5898742675781,0.0,70.619995,-42.719997,-2.1,-107.9629,0,0,-92,0,-92,0,0,0,0,0,0,17,0,0
24.7896115,120.9944216,10.012999534606934,257.5145263671875,0.0,72.42,-40.8,11.7,-123.2606,0,0,-92,0,-92,0,0,0,0,0,0,17,0,0
24.7896115,120.9944216,10.012999534606934,257.5145263671875,0.0,75.42,-36.719997,10.62,-167.64798,0,0,-92,0,-92,0,0,0,0,0,0,17,0,0
24.7896115,120.9944216,10.012999534606934,257.5145263671875,0.0,67.56,-45.059998,6.96,-121.77306,0,0,-92,0,-92,0,0,0,0,0,0,17,0,0
24.789608,120.9944125,10.050000190734863,256.57061767578125,0.0,61.859997,-47.52,-5.94,-122.5484,0,0,-92,0,-92,0,0,0,0,0,0,17,0,0
24.789608,120.9944125,10.050000190734863,256.57061767578125,0.0,68.4,-44.579998,9.599999,-129.08311,0,0,-92,0,-92,0,0,0,0,0,0,17,0,0
24.789608,120.9944125,10.050000190734863,256.57061767578125,0.0,73.02,-40.32,11.7,-122.59124,0,0,-92,0,-92,0,0,0,0,0,0,17,0,0
24.789608,120.9944125,10.050000190734863,256.57061767578125,0.0,63.66,-47.52,7.98,-121.13447,0,0,-92,0,-92,0,0,0,0,0,0,17,0,0
24.789608,120.9944125,10.050000190734863,256.57061767578125,0.0,63.78,-47.16,-2.7,-117.48741,0,0,-92,0,-92,0,0,0,0,0,0,17,0,0
24.7896005,120.9943962,10.104000091552734,253.92318725585938,0.0,69.659996,-43.079998,10.2,-125.4398,0,0,-92,0,-92,0,0,0,0,0,0,17,0,0
24.7896005,120.9943962,10.104000091552734,253.92318725585938,0.0,74.28,-37.26,11.759999,-158.66072,0,0,-92,0,-92,0,0,0,0,0,0,17,0,0
24.7896005,120.9943962,10.104000091552734,253.92318725585938,0.0,64.619995,-47.82,7.98,-123.27765,0,0,-92,0,-92,0,0,0,0,0,0,17,0,0
24.7896005,120.9943962,10.104000091552734,253.92318725585938,0.0,64.2,-46.92,-3.3,-114.18958,0,0,0,0,-92,-94,0,0,0,0,0,17,0,0
24.7895959,120.9943909,10.104999542236328,251.19808959960938,0.0,69.54,-43.62,12.54,-126.11021,0,0,0,0,-92,-94,0,0,0,0,0,17,0,0
24.7895959,120.9943909,10.104999542236328,251.19808959960938,0.0,73.68,-41.04,10.0199995,-147.09657,0,0,0,0,-92,-94,0,0,0,0,0,17,0,0
24.7895921,120.9943828,10.071999549865723,250.26844787597656,0.0,63.78,-47.7,2.34,-120.00179,0,0,0,0,-92,-94,0,0,0,0,0,17,0,0
24.7895921,120.9943828,10.071999549865723,250.26844787597656,0.0,65.939995,-47.579998,0.35999998,-120.67723,0,0,0,0,-92,-94,0,0,0,0,0,17,0,0
24.7895921,120.9943828,10.071999549865723,250.26844787597656,0.0,69.36,-43.739998,13.32,-129.76991,0,0,0,0,-92,-94,0,0,0,0,0,17,0,0
24.7895921,120.9943828,10.071999549865723,250.26844787597656,0.0,72.54,-41.82,10.86,-129.67603,0,0,0,0,-92,-94,0,0,0,0,0,17,0,0
24.7895921,120.9943828,10.071999549865723,250.26844787597656,0.0,64.26,-48.059998,0.17999999,-116.59085,0,0,0,0,-92,-94,0,0,0,0,0,17,0,0
24.7895846,120.9943653,10.065999984741211,248.2034149169922,0.0,63.059998,-47.879997,-3.4199998,-119.763214,0,0,0,0,-92,-94,0,0,0,0,0,17,0,0
24.7895846,120.9943653,10.065999984741211,248.2034149169922,0.0,66.18,-46.379997,9.42,-126.24225,0,0,0,0,-92,-94,0,0,0,0,0,17,0,0
24.7895846,120.9943653,10.065999984741211,248.2034149169922,0.0,69.96,-44.28,8.7,-132.83672,0,0,0,0,-92,-94,0,0,0,0,0,17,0,0
24.7895846,120.9943653,10.065999984741211,248.2034149169922,0.0,61.92,-48.899998,3.54,-123.399254,0,0,0,0,-92,-94,0,0,0,0,0,17,0,0
24.7895846,120.9943653,10.065999984741211,248.2034149169922,0.0,62.94,-47.28,-3.54,-119.26072,0,0,0,0,-92,-94,0,0,0,0,0,17,0,0
24.7895808,120.9943579,10.032999992370605,246.023193359375,0.0,65.159996,-45.96,7.02,-126.332596,0,0,0,0,-92,-94,0,0,0,0,0,17,0,0
24.7895808,120.9943579,10.032999992370605,246.023193359375,0.0,72.659996,-40.14,9.54,-126.31047,0,0,0,0,-92,-94,0,0,0,0,0,17,0,0
24.7895808,120.9943579,10.032999992370605,246.023193359375,0.0,67.979996,-45.059998,9.3,-123.64503,0,0,0,0,-92,-94,0,0,0,0,0,17,0,0
24.7895808,120.9943579,10.032999992370605,246.023193359375,0.0,64.86,-47.039997,-3.1799998,-118.54989,0,0,0,0,-92,-94,0,0,0,0,0,17,0,0
24.7895721,120.994343,9.944999694824219,243.51051330566406,0.0,66.9,-48.059998,10.5,-122.61296,0,0,0,0,-92,-94,0,0,0,0,0,17,0,0
24.7895721,120.994343,9.944999694824219,243.51051330566406,0.0,72.18,-42.84,11.94,-167.97609,0,0,0,0,-92,-94,0,0,0,0,0,17,0,0
24.7895721,120.994343,9.944999694824219,243.51051330566406,0.0,67.92,-46.739998,10.26,-126.1915,0,0,0,0,-92,-94,0,0,0,0,0,17,0,0
24.7895721,120.994343,9.944999694824219,243.51051330566406,0.0,65.1,-47.76,-3.1799998,-121.16504,0,0,0,0,-92,-94,0,0,0,0,0,17,0,0
24.7895655,120.994337,9.961999893188477,240.86102294921875,0.0,67.38,-47.7,9.84,-126.02895,0,0,0,0,-92,-94,0,0,0,0,0,17,0,0
24.7895655,120.994337,9.961999893188477,240.86102294921875,0.0,71.82,-43.92,12.24,-133.41202,0,0,0,0,-92,-94,0,0,0,0,0,17,0,0
24.7895596,120.9943292,9.925999641418457,239.6620635986328,0.0,63.66,-49.92,5.3399997,-125.51538,0,0,0,0,-92,-94,0,0,0,0,0,17,0,0
24.7895596,120.9943292,9.925999641418457,239.6620635986328,0.0,64.2,-50.039997,-4.02,-114.90403,0,0,0,0,-92,-94,0,0,0,0,0,17,0,0
24.7895596,120.9943292,9.925999641418457,239.6620635986328,0.0,65.22,-49.2,10.38,-132.16437,0,0,0,0,-92,-94,0,0,0,0,0,17,0,0
24.7895596,120.9943292,9.925999641418457,239.6620635986328,0.0,67.439995,-46.8,8.16,-133.20947,0,0,0,0,-92,-94,0,0,0,0,0,17,0,0
24.7895596,120.9943292,9.925999641418457,239.6620635986328,0.0,57.719997,-52.32,3.48,-118.31627,0,0,0,0,-92,-94,0,0,0,0,0,17,0,0
24.7895475,120.9943139,10.005999565124512,237.50750732421875,0.0,57.18,-50.16,-4.08,-126.03871,0,0,0,0,-92,-94,0,0,0,0,0,17,0,0
24.7895475,120.9943139,10.005999565124512,237.50750732421875,0.0,63.12,-48.3,9.9,-129.34746,0,0,-90,0,-92,0,0,0,0,0,0,17,0,0
24.7895475,120.9943139,10.005999565124512,237.50750732421875,0.0,70.74,-43.5,7.14,-137.58752,0,0,-90,0,-92,0,0,0,0,0,0,17,0,0
24.7895475,120.9943139,10.005999565124512,237.50750732421875,0.0,58.02,-50.76,-0.65999997,-126.98719,0,0,-90,0,-92,0,0,0,0,0,0,17,0,0
24.7895475,120.9943139,10.005999565124512,237.50750732421875,0.0,59.34,-49.98,-3.6599998,-125.179375,0,0,-90,0,-92,0,0,0,0,0,0,17,0,0
24.7895399,120.9943061,9.963000297546387,235.43812561035156,0.0,65.159996,-45.6,12.719999,-135.62679,0,0,-90,0,-92,0,0,0,0,0,0,17,0,0
24.7895399,120.9943061,9.963000297546387,235.43812561035156,0.0,68.1,-44.7,12.3,-139.15802,0,0,-90,0,-92,0,0,0,0,0,0,17,0,0
24.7895326,120.9942986,9.979999542236328,233.40374755859375,0.0,56.94,-50.34,-1.86,-111.26496,0,0,-90,0,-92,0,0,0,0,0,0,17,0,0
24.7895326,120.9942986,9.979999542236328,233.40374755859375,0.0,58.68,-49.44,-4.14,-124.530464,0,0,-90,0,-92,0,0,0,0,0,0,17,0,0
24.7895326,120.9942986,9.979999542236328,233.40374755859375,0.0,65.7,-45.899998,10.559999,-152.79312,0,0,-90,0,-92,0,0,0,0,0,0,17,0,0
24.7895326,120.9942986,9.979999542236328,233.40374755859375,0.0,65.76,-45.78,13.139999,-131.46892,0,0,-90,0,-92,0,0,0,0,0,0,17,0,0
24.7895262,120.9942912,9.984000205993652,232.46609497070312,0.0,54.66,-51.3,0.29999998,-125.63924,0,0,-90,0,-92,0,0,0,0,0,0,17,0,0
24.7895009,120.9942622,9.756999969482422,228.73985290527344,0.0,55.44,-50.039997,-8.16,-122.33678,0,0,0,0,-93,-95,0,0,0,0,0,17,0,0
24.7894934,120.994257,9.782999992370605,226.946533203125,0.0,56.579998,-52.739998,2.22,-131.86668,0,0,0,0,-93,-95,0,0,0,0,0,17,0,0
24.7894934,120.994257,9.782999992370605,226.946533203125,0.0,65.34,-46.98,11.219999,-156.29716,0,0,0,0,-93,-95,0,0,0,0,0,17,0,0
24.7894845,120.9942507,9.873000144958496,225.09439086914062,0.0,60.42,-50.1,7.62,-130.64792,0,0,0,0,-93,-95,0,0,0,0,0,17,0,0
24.7894845,120.9942507,9.873000144958496,225.09439086914062,0.0,54.3,-51.0,-9.42,-112.38303,0,0,0,0,-93,-95,0,0,0,0,0,17,0,0
24.7894845,120.9942507,9.873000144958496,225.09439086914062,0.0,59.76,-50.52,8.76,-129.70091,0,0,0,0,-93,-95,0,0,0,0,0,17,0,0
24.7894845,120.9942507,9.873000144958496,225.09439086914062,0.0,67.38,-46.32,13.44,-150.37863,0,0,0,0,-93,-95,0,0,0,0,0,17,0,0
24.7894845,120.9942507,9.873000144958496,225.09439086914062,0.0,60.0,-50.34,8.94,-127.60802,0,0,0,0,-93,-95,0,0,0,0,0,17,0,0
24.789476,120.9942439,9.937999725341797,213.3892059326172,0.0,59.28,-50.579998,-4.2599998,-122.98555,0,0,0,0,-93,-95,0,0,0,0,0,17,0,0
24.789476,120.9942439,9.937999725341797,213.3892059326172,0.0,59.879997,-50.64,14.639999,-131.30492,0,0,0,0,-93,-95,0,0,0,0,0,17,0,0
24.789476,120.9942439,9.937999725341797,213.3892059326172,0.0,65.76,-47.039997,18.48,-147.12297,0,0,0,0,-93,-95,0,0,0,0,0,17,0,0
24.789476,120.9942439,9.937999725341797,213.3892059326172,0.0,50.7,-55.02,4.2599998,-129.41129,0,0,0,0,-93,-95,0,0,0,0,0,17,0,0
24.7894575,120.9942353,9.925000190734863,212.80580139160156,0.0,52.5,-52.44,-9.48,-120.171455,0,0,0,0,-93,-95,0,0,0,0,0,17,0,0
24.7894575,120.9942353,9.925000190734863,212.80580139160156,0.0,56.52,-53.399998,10.5,-142.97691,0,0,0,0,-93,-95,0,0,0,0,0,17,0,0
24.7894575,120.9942353,9.925000190734863,212.80580139160156,0.0,61.739998,-50.7,10.5,-138.00723,0,0,0,0,-93,-95,0,0,0,0,0,17,0,0
24.789446,120.9942306,9.927000045776367,207.4843292236328,0.0,53.82,-54.18,-0.96,-117.99799,0,0,0,0,-93,-95,0,0,0,0,0,17,0,0
24.789446,120.9942306,9.927000045776367,207.4843292236328,0.0,55.8,-53.879997,-3.4199998,-131.46205,0,0,0,-83,-87,0,0,0,0,0,0,17,0,0
24.789438,120.9942264,9.960000038146973,205.50595092773438,0.0,60.48,-51.96,14.04,-139.61212,0,0,0,-83,-87,0,0,0,0,0,0,17,0,0
24.789438,120.9942264,9.960000038146973,205.50595092773438,0.0,64.68,-49.62,12.24,-147.477,0,0,0,-83,-87,0,0,0,0,0,0,17,0,0
24.789438,120.9942264,9.960000038146973,205.50595092773438,0.0,54.6,-52.559998,-3.8999999,-121.05516,0,0,0,-83,-87,0,0,0,0,0,0,17,0,0
24.789438,120.9942264,9.960000038146973,205.50595092773438,0.0,55.98,-53.399998,-4.44,-129.62709,0,0,0,-83,-87,0,0,0,0,0,0,17,0,0
24.7894313,120.9942232,9.946999549865723,204.9863739013672,0.0,63.18,-51.0,10.38,-147.26448,0,0,0,-83,-87,0,0,0,0,0,0,17,0,0
24.7894313,120.9942232,9.946999549865723,204.9863739013672,0.0,62.64,-50.7,8.76,-152.396,0,0,0,-83,-87,0,0,0,0,0,0,17,0,0
24.7894313,120.9942232,9.946999549865723,204.9863739013672,0.0,52.8,-51.899998,-10.5,-125.08965,0,0,0,-83,-87,0,0,0,0,0,0,17,0,0
24.7894313,120.9942232,9.946999549865723,204.9863739013672,0.0,52.62,-52.079998,-9.0,-129.15877,0,0,0,-83,-87,0,0,0,0,0,0,17,0,0
24.7894225,120.9942195,9.932999610900879,203.77601623535156,0.0,64.5,-50.34,10.559999,-154.57526,0,0,0,-83,-87,0,0,0,0,0,0,17,0,0
24.7894225,120.9942195,9.932999610900879,203.77601623535156,0.0,65.88,-48.6,7.8599997,-143.20685,0,0,0,-83,-87,0,0,0,0,0,0,17,0,0
24.7894128,120.9942155,9.899999618530273,201.92401123046875,0.0,54.0,-53.1,-7.3799996,-123.17973,0,0,0,-83,-87,0,0,0,0,0,0,17,0,0
24.7893247,120.9941758,9.675999641418457,183.61221313476562,0.0,52.92,-52.02,-2.34,-150.18195,0,0,0,-79,-76,0,0,0,0,0,0,17,0,0
24.7893247,120.9941758,9.675999641418457,183.61221313476562,0.0,44.1,-49.98,-16.5,-11.742756,0,0,0,-79,-76,0,0,0,0,0,0,17,0,0
24.7893247,120.9941758,9.675999641418457,183.61221313476562,0.0,39.96,-52.079998,-13.92,-135.25679,0,0,0,-79,-76,0,0,0,0,0,0,17,0,0
24.7893133,120.9941757,9.708000183105469,181.11691284179688,0.0,51.719997,-52.86,8.88,177.34889,0,0,0,-79,-76,0,0,0,0,0,0,17,0,0
24.7893133,120.9941757,9.708000183105469,181.11691284179688,0.0,50.64,-52.26,-0.12,-144.27931,0,0,0,-79,-76,0,0,0,0,0,0,17,0,0
24.7893133,120.9941757,9.708000183105469,181.11691284179688,0.0,42.96,-47.039997,-19.38,-132.61417,0,0,0,-79,-76,0,0,0,0,0,0,17,0,0
24.7892985,120.9941768,9.692999839782715,177.57449340820312,0.0,42.96,-49.739998,-14.46,-141.45064,0,0,0,-79,-76,0,0,0,0,0,0,17,0,0
24.7892985,120.9941768,9.692999839782715,177.57449340820312,0.0,55.5,-50.52,1.9799999,166.68398,0,0,0,-79,-76,0,0,0,0,0,0,17,0,0
24.7892867,120.9941781,10.0,181.09246826171875,0.0,55.079998,-47.76,-10.8,-137.23781,0,0,0,-79,-76,0,0,0,0,0,0,17,0,0
24.7892867,120.9941781,10.0,181.09246826171875,0.0,50.039997,-40.8,-25.74,-122.50469,0,0,0,-79,-76,0,0,0,0,0,0,17,0,0
24.7892867,120.9941781,10.0,181.09246826171875,0.0,48.059998,-49.92,-12.12,-156.89984,0,0,0,-79,-76,0,0,0,0,0,0,17,0,0
24.7892867,120.9941781,10.0,181.09246826171875,0.0,55.32,-50.64,-2.04,154.46992,0,0,0,-79,-76,0,0,0,0,0,0,17,0,0
24.7891577,120.9941649,9.947999954223633,176.3441925048828,0.0,47.039997,-49.26,-14.7,-123.143845,0,0,-81,0,-86,0,0,0,0,0,0,17,0,0
24.7891577,120.9941649,9.947999954223633,176.3441925048828,0.0,48.6,-52.739998,12.54,-165.15198,0,0,-81,0,-86,0,0,0,0,0,0,17,0,0
24.7891577,120.9941649,9.947999954223633,176.3441925048828,0.0,52.98,-51.719997,10.26,-148.18707,0,0,-81,0,-86,0,0,0,0,0,0,17,0,0
24.7891336,120.9941677,9.977999687194824,186.82301330566406,0.0,49.8,-51.539997,-10.559999,-131.17229,0,0,-81,0,-86,0,0,0,0,0,0,17,0,0
24.7891336,120.9941677,9.977999687194824,186.82301330566406,0.0,44.579998,-53.64,-9.719999,-134.28432,0,0,-81,0,-86,0,0,0,0,0,0,17,0,0
24.7891336,120.9941677,9.977999687194824,186.82301330566406,0.0,53.879997,-54.42,12.0,-170.42932,0,0,-81,0,-86,0,0,0,0,0,0,17,0,0
24.7891169,120.9941651,10.057000160217285,188.15994262695312,0.0,53.94,-55.86,7.3799996,-133.97162,0,0,-81,0,-86,0,0,0,0,0,0,17,0,0
24.7891169,120.9941651,10.057000160217285,188.15994262695312,0.0,46.32,-54.84,-11.219999,-153.21025,0,0,-81,0,-86,0,0,0,0,0,0,17,0,0
24.7891169,120.9941651,10.057000160217285,188.15994262695312,0.0,45.6,-57.539997,3.6,-141.75009,0,0,-81,0,-86,0,0,0,0,0,0,17,0,0
24.7890991,120.9941632,10.055999755859375,189.37460327148438,0.0,56.76,-53.34,16.08,173.76416,0,0,-81,0,-86,0,0,0,0,0,0,17,0,0
24.7890991,120.9941632,10.055999755859375,189.37460327148438,0.0,50.039997,-55.8,2.22,-131.10426,0,0,-81,0,-86,0,0,0,0,0,0,17,0,0
24.7890991,120.9941632,10.055999755859375,189.37460327148438,0.0,43.559998,-52.379997,-14.5199995,-125.508835,0,0,-81,0,-86,0,0,0,0,0,0,17,0,0
24.7890829,120.9941624,10.02400016784668,188.96151733398438,0.0,39.18,-55.199997,3.0,-163.88829,0,0,-81,0,-86,0,0,0,0,0,0,17,0,0
24.7890829,120.9941624,10.02400016784668,188.96151733398438,0.0,55.32,-53.46,10.26,-167.34573,0,0,-81,0,-86,0,0,0,0,0,0,17,0,0
24.7890829,120.9941624,10.02400016784668,188.96151733398438,0.0,52.559998,-52.5,-6.12,-116.96185,0,0,-81,0,-86,0,0,0,0,0,0,17,0,0
24.7890829,120.9941624,10.02400016784668,188.96151733398438,0.0,45.48,-50.16,-17.039999,-130.71237,0,0,-81,0,-86,0,0,0,0,0,0,17,0,0
24.7890687,120.9941622,9.930999755859375,186.08384704589844,0.0,47.82,-52.92,14.16,-157.33696,0,0,-81,0,-86,0,0,0,0,0,0,17,0,0
24.7890687,120.9941622,9.930999755859375,186.08384704589844,0.0,54.6,-52.14,10.26,-159.27557,0,0,-79,0,-72,0,0,0,0,0,0,17,0,0
24.7890569,120.9941619,9.968000411987305,183.54769897460938,0.0,46.32,-52.92,-10.139999,-137.23714,0,0,-79,0,-72,0,0,0,0,0,0,17,0,0
24.7890569,120.9941619,9.968000411987305,183.54769897460938,0.0,33.42,-49.86,-16.5,-139.84804,0,0,-79,0,-72,0,0,0,0,0,0,17,0,0
24.7890569,120.9941619,9.968000411987305,183.54769897460938,0.0,45.539997,-53.82,13.799999,170.36066,0,0,-79,0,-72,0,0,0,0,0,0,17,0,0
24.7890569,120.9941619,9.968000411987305,183.54769897460938,0.0,51.719997,-51.899998,-2.76,-144.52347,0,0,-79,0,-72,0,0,0,0,0,0,17,0,0
24.7890442,120.9941623,9.99899959564209,182.5004425048828,0.0,48.12,-43.98,-22.619999,-130.32115,0,0,-79,0,-72,0,0,0,0,0,0,17,0,0
24.7890312,120.9941621,10.015999794006348,181.56829833984375,0.0,39.719997,-53.16,-4.98,-146.44951,0,0,-79,0,-72,0,0,0,0,0,0,17,0,0
24.7890312,120.9941621,10.015999794006348,181.56829833984375,0.0,56.16,-50.28,14.94,149.3431,0,0,-79,0,-72,0,0,0,0,0,0,17,0,0
24.7890312,120.9941621,10.015999794006348,181.56829833984375,0.0,53.16,-53.16,-0.12,-125.73583,0,0,-79,0,-72,0,0,0,0,0,0,17,0,0
24.7890312,120.9941621,10.015999794006348,181.56829833984375,0.0,44.34,-49.2,-17.16,-128.8847,0,0,-79,0,-72,0,0,0,0,0,0,17,0,0
24.7890161,120.9941634,9.998000144958496,178.2882537841797,0.0,52.26,-52.379997,14.099999,-168.89899,0,0,-79,0,-72,0,0,0,0,0,0,17,0,0
24.7890161,120.9941634,9.998000144958496,178.2882537841797,0.0,56.76,-51.12,7.2,-151.68227,0,0,-79,0,-72,0,0,0,0,0,0,17,0,0
24.7890022,120.9941647,9.946000099182129,178.9951629638672,0.0,46.32,-51.96,-10.2,-140.11139,0,0,-79,0,-72,0,0,0,0,0,0,17,0,0
24.7890022,120.9941647,9.946000099182129,178.9951629638672,0.0,40.62,-50.28,-17.16,-131.08075,0,0,-79,0,-72,0,0,0,0,0,0,17,0,0
24.7890022,120.9941647,9.946000099182129,178.9951629638672,0.0,49.079998,-54.36,6.18,-170.66762,0,0,-79,0,-72,0,0,0,0,0,0,17,0,0
24.7890022,120.9941647,9.946000099182129,178.9951629638672,0.0,52.26,-52.44,-1.0799999,-142.62445,0,0,-79,0,-72,0,0,0,0,0,0,17,0,0
24.7889874,120.9941651,9.965999603271484,181.05677795410156,0.0,49.26,-45.0,-21.0,-133.56679,0,0,-79,0,-72,0,0,0,0,0,0,17,0,0
24.7889874,120.9941651,9.965999603271484,181.05677795410156,0.0,49.68,-50.46,-13.44,-151.45914,0,0,-79,0,-72,0,0,0,0,0,0,17,0,0
24.7889713,120.9941665,9.902999877929688,176.48609924316406,0.0,56.1,-51.78,-0.29999998,132.60767,0,0,-79,0,-72,0,0,0,0,0,0,17,0,0
24.7889713,120.9941665,9.902999877929688,176.48609924316406,0.0,55.62,-48.899998,-11.4,-141.1436,0,0,-79,0,-72,0,0,0,0,0,0,17,0,0
24.7889713,120.9941665,9.902999877929688,176.48609924316406,0.0,51.0,-42.66,-25.32,-107.12462,0,0,-79,0,-72,0,0,0,0,0,0,17,0,0
24.7889571,120.9941706,9.876999855041504,169.32838439941406,0.0,50.16,-51.96,-8.94,-163.68585,0,0,-79,0,-72,0,0,0,0,0,0,17,0,0
24.7889571,120.9941706,9.876999855041504,169.32838439941406,0.0,53.579998,-51.84,-4.74,145.79594,0,0,-79,0,-72,0,0,0,0,0,0,17,0,0
24.7889571,120.9941706,9.876999855041504,169.32838439941406,0.0,49.26,-47.76,-17.4,-160.47052,0,0,-79,0,-72,0,0,0,0,0,0,17,0,0
24.7889571,120.9941706,9.876999855041504,169.32838439941406,0.0,48.3,-42.54,-25.8,-120.58734,0,0,-79,0,-72,0,0,0,0,0,0,17,0,0
24.788943,120.994175,9.916000366210938,168.56785583496094,0.0,53.82,-51.6,-2.28,-169.81139,0,0,-79,0,-72,0,0,0,0,0,0,17,0,0
24.788943,120.994175,9.916000366210938,168.56785583496094,0.0,52.8,-51.6,0.06,-154.10072,0,0,-79,0,-72,0,0,0,0,0,0,17,0,0
24.7889298,120.9941774,9.95300006866455,169.0482635498047,0.0,50.94,-50.219997,-13.08,-42.400455,0,0,-79,0,-72,0,0,0,0,0,0,17,0,0
24.7889298,120.9941774,9.95300006866455,169.0482635498047,0.0,44.399998,-52.62,-10.139999,-140.58398,0,0,-79,0,-72,0,0,0,0,0,0,17,0,0
24.7889298,120.9941774,9.95300006866455,169.0482635498047,0.0,54.6,-52.739998,4.2599998,-167.52649,0,0,-79,0,-72,0,0,0,0,0,0,17,0,0
24.7889298,120.9941774,9.95300006866455,169.0482635498047,0.0,50.399998,-52.559998,-6.24,-140.03566,0,0,-79,0,-72,0,0,0,0,0,0,17,0,0
24.7889298,120.9941774,9.95300006866455,169.0482635498047,0.0,46.32,-48.84,-15.12,-83.72529,0,0,-67,0,-73,0,0,0,0,0,0,17,0,0
24.7889057,120.9941804,10.053999900817871,171.0001678466797,0.0,44.28,-52.559998,-5.7599998,-144.65704,0,0,-67,0,-73,0,0,0,0,0,0,17,0,0
24.7889057,120.9941804,10.053999900817871,171.0001678466797,0.0,49.98,-53.579998,5.7599998,158.13173,0,0,-67,0,-73,0,0,0,0,0,0,17,0,0
24.7889057,120.9941804,10.053999900817871,171.0001678466797,0.0,48.42,-51.059998,-10.86,-136.24323,0,0,-67,0,-73,0,0,0,0,0,0,17,0,0
24.7889057,120.9941804,10.053999900817871,171.0001678466797,0.0,42.6,-46.98,-21.48,-119.33213,0,0,-67,0,-73,0,0,0,0,0,0,17,0,0
24.7888953,120.9941804,9.994000434875488,173.84336853027344,0.0,40.32,-54.059998,-0.71999997,-158.03242,0,0,-67,0,-73,0,0,0,0,0,0,17,0,0
24.7888953,120.9941804,9.994000434875488,173.84336853027344,0.0,49.559998,-53.52,8.88,-178.11432,0,0,-67,0,-73,0,0,0,0,0,0,17,0,0
24.7888823,120.9941818,9.934000015258789,175.0827178955078,0.0,44.879997,-53.46,-9.54,-126.50747,0,0,-67,0,-73,0,0,0,0,0,0,17,0,0
24.7888823,120.9941818,9.934000015258789,175.0827178955078,0.0,43.2,-49.68,-18.359999,-131.1233,0,0,-67,0,-73,0,0,0,0,0,0,17,0,0
24.7888823,120.9941818,9.934000015258789,175.0827178955078,0.0,48.42,-54.42,9.96,-149.7376,0,0,-67,0,-73,0,0,0,0,0,0,17,0,0
24.7888823,120.9941818,9.934000015258789,175.0827178955078,0.0,54.059998,-52.26,10.08,-156.64217,0,0,-67,0,-73,0,0,0,0,0,0,17,0,0
24.788869,120.994183,9.994000434875488,175.92616271972656,0.0,45.96,-53.1,-9.12,-145.31425,0,0,-67,0,-73,0,0,0,0,0,0,17,0,0
24.788869,120.994183,9.994000434875488,175.92616271972656,0.0,44.64,-53.1,-9.059999,-133.4865,0,0,-67,0,-73,0,0,0,0,0,0,17,0,0
24.788869,120.994183,9.994000434875488,175.92616271972656,0.0,55.62,-49.02,15.54,-179.21844,0,0,-67,0,-73,0,0,0,0,0,0,17,0,0
24.788869,120.994183,9.994000434875488,175.92616271972656,0.0,56.219997,-51.719997,7.44,-133.69566,0,0,-67,0,-73,0,0,0,0,0,0,17,0,0
24.7888553,120.9941831,10.034000396728516,176.85154724121094,0.0,47.82,-49.559998,-14.88,-143.64035,0,0,-67,0,-73,0,0,0,0,0,0,17,0,0
24.7888423,120.9941826,10.069999694824219,177.77000427246094,0.0,45.719997,-52.68,-7.2,-141.14932,0,0,-67,0,-73,0,0,0,0,0,0,17,0,0
24.7888423,120.9941826,10.069999694824219,177.77000427246094,0.0,56.16,-52.14,8.88,-156.04861,0,0,-67,0,-73,0,0,0,0,0,0,17,0,0
24.7888306,120.994181,10.053000450134277,179.04641723632812,0.0,49.8,-53.579998,-2.1599998,-136.19919,0,0,-67,0,-73,0,0,0,0,0,0,17,0,0
24.7888306,120.994181,10.053000450134277,179.04641723632812,0.0,47.219997,-49.68,-17.279999,-117.452866,0,0,-67,0,-73,0,0,0,0,0,0,17,0,0
24.7888306,120.994181,10.053000450134277,179.04641723632812,0.0,48.239998,-54.96,2.9399998,-148.39641,0,0,-67,0,-73,0,0,0,0,0,0,17,0,0
24.7888176,120.99418,9.890999794006348,179.5796356201172,0.0,58.379997,-50.94,15.36,151.4553,0,0,-67,0,-73,0,0,0,0,0,0,17,0,0
24.7888176,120.99418,9.890999794006348,179.5796356201172,0.0,55.98,-51.36,-8.94,-129.94083,0,0,-67,0,-73,0,0,0,0,0,0,17,0,0
24.7888176,120.99418,9.890999794006348,179.5796356201172,0.0,45.6,-45.719997,-21.779999,-110.42716,0,0,-67,0,-73,0,0,0,0,0,0,17,0,0
24.7888042,120.9941795,9.883999824523926,179.66993713378906,0.0,44.16,-54.539997,6.24,-162.30649,0,0,-67,0,-73,0,0,0,0,0,0,17,0,0
24.7888042,120.9941795,9.883999824523926,179.66993713378906,0.0,58.079998,-51.899998,9.9,161.45401,0,0,-67,0,-73,0,0,0,0,0,0,17,0,0
24.7888042,120.9941795,9.883999824523926,179.66993713378906,0.0,53.1,-51.78,-8.34,-128.6263,0,0,-67,0,-73,0,0,0,0,0,0,17,0,0
24.7887921,120.9941795,9.944999694824219,179.44342041015625,0.0,44.219997,-48.059998,-18.84,-121.527504,0,0,-67,0,-73,0,0,0,0,0,0,17,0,0
24.7887921,120.9941795,9.944999694824219,179.44342041015625,0.0,49.379997,-52.92,10.62,-155.2885,0,0,-67,0,-73,0,0,0,0,0,0,17,0,0
24.7887921,120.9941795,9.944999694824219,179.44342041015625,0.0,61.379997,-48.84,12.48,-149.55038,0,0,-67,0,-73,0,0,0,0,0,0,17,0,0
24.7887799,120.9941783,9.991999626159668,179.52755737304688,0.0,53.28,-52.62,-6.0,-123.45489,0,0,-67,0,-73,0,0,0,0,0,0,17,0,0
24.7887799,120.9941783,9.991999626159668,179.52755737304688,0.0,45.66,-51.66,-13.799999,-125.49836,0,0,-67,0,-73,0,0,0,0,0,0,17,0,0
24.7887799,120.9941783,9.991999626159668,179.52755737304688,0.0,56.699997,-50.52,16.859999,-158.53085,0,0,-67,0,-73,0,0,0,0,0,0,17,0,0
24.7880649,120.9945583,9.343999862670898,103.01507568359375,0.0,-19.68,0.78,-35.28,44.43339,-89,0,-88,0,0,0,0,0,0,0,0,17,0,0
24.7880649,120.9945583,9.343999862670898,103.01507568359375,0.0,-20.039999,2.7,-36.0,42.51772,-89,0,-88,0,0,0,0,0,0,0,0,17,0,0
24.7880611,120.9945845,9.090999603271484,96.9710693359375,0.0,-23.279999,-19.38,-14.82,135.68788,-89,0,-88,0,0,0,0,0,0,0,0,17,0,0
24.7880611,120.9945845,9.090999603271484,96.9710693359375,0.0,-22.74,-14.88,-23.22,111.237305,-89,0,-88,0,0,0,0,0,0,0,0,17,0,0
24.7880611,120.9945845,9.090999603271484,96.9710693359375,0.0,-14.219999,4.74,-38.46,-0.9187006,-89,0,-88,0,0,0,0,0,0,0,0,17,0,0
24.7880616,120.9945974,9.253999710083008,97.65460968017578,0.0,-22.8,6.96,-35.52,33.268707,-89,0,-88,0,0,0,0,0,0,0,0,17,0,0
24.7880616,120.9945974,9.253999710083008,97.65460968017578,0.0,-27.599998,-15.48,-17.039999,103.26725,-89,0,-88,0,0,0,0,0,0,0,0,17,0,0
24.7880616,120.9945974,9.253999710083008,97.65460968017578,0.0,-25.92,-12.0,-22.56,106.04223,-89,0,-88,0,0,0,0,0,0,0,0,17,0,0
24.7880601,120.9946101,9.281999588012695,98.5506362915039,0.0,-14.46,5.52,-38.76,-39.057438,-89,0,-88,0,0,0,0,0,0,0,0,17,0,0
24.7880601,120.9946101,9.281999588012695,98.5506362915039,0.0,-24.66,6.8399997,-33.3,59.868958,-89,0,-88,0,0,0,0,0,0,0,0,17,0,0
24.7880601,120.9946101,9.281999588012695,98.5506362915039,0.0,-27.599998,-9.0,-23.76,97.8697,-89,0,-88,0,0,0,0,0,0,0,0,17,0,0
24.7880605,120.9946228,9.197999954223633,97.3027114868164,0.0,-21.119999,-3.4199998,-33.84,87.98113,-89,0,-88,0,0,0,0,0,0,0,0,17,0,0
24.7880605,120.9946228,9.197999954223633,97.3027114868164,0.0,-12.78,18.18,-40.02,-25.832403,-89,0,-88,0,0,0,0,0,0,0,0,17,0,0
24.7880617,120.9946381,9.23799991607666,95.05438995361328,0.0,-25.439999,7.2,-34.2,70.541405,-89,0,-88,0,0,0,0,0,0,0,0,17,0,0
24.7880617,120.9946381,9.23799991607666,95.05438995361328,0.0,-26.82,-5.64,-28.68,84.79816,-89,0,-88,0,0,0,0,0,0,0,0,17,0,0
24.7880617,120.9946381,9.23799991607666,95.05438995361328,0.0,-20.699999,7.74,-36.84,59.293365,-89,0,-88,0,0,0,0,0,0,0,0,17,0,0
24.7880617,120.9946381,9.23799991607666,95.05438995361328,0.0,-11.639999,22.26,-38.76,-6.205949,-89,0,-88,0,0,0,0,0,0,0,0,17,0,0
24.7880624,120.9946516,9.145000457763672,93.450439453125,0.0,-25.8,-1.8,-30.48,92.24075,-89,0,-88,0,0,0,0,0,0,0,0,17,0,0
24.7880624,120.9946516,9.145000457763672,93.450439453125,0.0,-25.199999,-8.639999,-25.8,80.03078,-89,0,-88,0,0,0,0,0,0,0,0,17,0,0
24.7880643,120.9946633,9.545999526977539,91.24083709716797,0.0,-13.38,14.4,-38.879997,58.35168,-89,0,-88,0,0,0,0,0,0,0,0,17,0,0
24.7880643,120.9946633,9.545999526977539,91.24083709716797,0.0,-14.58,21.359999,-37.559998,17.181532,-89,0,-88,0,0,0,0,0,0,0,0,17,0,0
24.7880643,120.9946633,9.545999526977539,91.24083709716797,0.0,-26.82,-6.0,-27.119999,99.79114,-89,0,-88,0,0,0,0,0,0,0,0,17,0,0
24.7880661,120.9946744,10.197999954223633,89.52739715576172,0.0,-26.16,-4.98,-28.5,95.102745,-89,0,-88,0,0,0,0,0,0,0,0,17,0,0
24.7880661,120.9946744,10.197999954223633,89.52739715576172,0.0,-13.679999,14.04,-39.6,-11.17295,-89,0,-88,0,0,0,0,0,0,0,0,17,0,0
24.7880661,120.9946744,10.197999954223633,89.52739715576172,0.0,-23.039999,13.259999,-36.42,31.562424,-89,0,-88,0,0,0,0,0,0,0,0,17,0,0
24.7880679,120.9946887,10.204000473022461,88.02909088134766,0.0,-27.3,-9.3,-23.82,86.73525,-89,0,-88,0,0,0,0,0,0,0,0,17,0,0
24.7880679,120.9946887,10.204000473022461,88.02909088134766,0.0,-24.42,-0.9,-30.96,78.94754,-89,0,-88,0,0,0,0,0,0,0,0,17,0,0
24.7880697,120.9947024,10.145999908447266,87.20003509521484,0.0,-15.12,13.799999,-39.66,-27.145615,-89,0,-88,0,0,0,0,0,0,0,0,17,0,0
24.7880697,120.9947024,10.145999908447266,87.20003509521484,0.0,-19.98,-4.38,-33.3,101.63693,-89,0,-88,0,0,0,0,0,0,0,0,17,0,0
24.7880697,120.9947024,10.145999908447266,87.20003509521484,0.0,-23.4,-4.08,-31.5,95.09187,-89,0,-88,0,0,0,0,0,0,0,0,17,0,0
24.7880721,120.9947138,10.142000198364258,85.97510528564453,0.0,-16.02,16.619999,-38.04,24.705685,-89,0,-88,0,0,0,0,0,0,0,0,17,0,0
24.7880721,120.9947138,10.142000198364258,85.97510528564453,0.0,-2.28,24.84,-37.739998,16.435959,-89,0,-88,0,0,0,0,0,0,0,0,17,0,0
24.7885677,120.9950662,9.61400032043457,359.33056640625,0.0,31.679998,38.64,-16.38,-48.01574,0,-86,0,0,0,0,-89,0,0,0,0,17,0,0
24.7885677,120.9950662,9.61400032043457,359.33056640625,0.0,31.08,38.64,-16.5,-42.54675,0,-86,0,0,0,0,-89,0,0,0,0,17,0,0
24.7885796,120.9950663,9.75100040435791,357.7765808105469,0.0,10.08,32.64,-34.14,46.530033,0,-86,0,0,0,0,-89,0,0,0,0,17,0,0
24.7885796,120.9950663,9.75100040435791,357.7765808105469,0.0,13.32,38.82,-28.619999,17.00876,0,-86,0,0,0,0,-89,0,0,0,0,17,0,0
24.7885898,120.9950644,9.842000007629395,356.6617126464844,0.0,31.98,42.0,-10.74,-49.101147,0,-86,0,0,0,0,-89,0,0,0,0,17,0,0
24.7885898,120.9950644,9.842000007629395,356.6617126464844,0.0,21.18,36.42,-28.14,-25.277403,0,-86,0,0,0,0,-89,0,0,0,0,17,0,0
24.7885898,120.9950644,9.842000007629395,356.6617126464844,0.0,8.28,31.8,-36.18,69.181885,0,-86,0,0,0,0,-89,0,0,0,0,17,0,0
24.7885991,120.9950625,9.95199966430664,356.87847900390625,0.0,17.94,36.239998,-29.22,-10.381427,0,-86,0,0,0,0,-89,0,0,0,0,17,0,0
24.7885991,120.9950625,9.95199966430664,356.87847900390625,0.0,26.279999,39.899998,-20.039999,-50.854935,0,-86,0,0,0,0,-89,0,0,0,0,17,0,0
24.7886108,120.9950613,10.04800033569336,356.6400146484375,0.0,18.539999,30.66,-33.36,25.326027,0,-86,0,0,0,0,-89,0,0,0,0,17,0,0
24.7886108,120.9950613,10.04800033569336,356.6400146484375,0.0,11.639999,31.199999,-35.88,50.52718,0,-86,0,0,0,0,-89,0,0,0,0,17,0,0
24.7886108,120.9950613,10.04800033569336,356.6400146484375,0.0,24.24,40.8,-22.56,-18.021318,0,-86,0,0,0,0,-89,0,0,0,0,17,0,0
24.7886226,120.9950612,10.119000434875488,355.34625244140625,0.0,25.14,38.64,-24.6,-36.512875,0,-86,0,0,0,0,-89,0,0,0,0,17,0,0
24.7886226,120.9950612,10.119000434875488,355.34625244140625,0.0,5.8199997,18.72,-41.399998,69.1073,-87,-86,0,0,0,0,0,0,0,0,0,17,0,0
24.7886226,120.9950612,10.119000434875488,355.34625244140625,0.0,9.3,24.06,-38.879997,28.116522,-87,-86,0,0,0,0,0,0,0,0,0,17,0,0
24.7886226,120.9950612,10.119000434875488,355.34625244140625,0.0,27.72,35.219997,-22.199999,-59.166973,-87,-86,0,0,0,0,0,0,0,0,0,17,0,0
24.7886321,120.9950611,10.159000396728516,355.3266906738281,0.0,16.859999,30.84,-34.26,-24.189922,-87,-86,0,0,0,0,0,0,0,0,0,17,0,0
24.7886321,120.9950611,10.159000396728516,355.3266906738281,0.0,-0.35999998,22.38,-39.059998,92.4533,-87,-86,0,0,0,0,0,0,0,0,0,17,0,0
24.7886321,120.9950611,10.159000396728516,355.3266906738281,0.0,10.0199995,33.84,-34.02,-9.677567,-87,-86,0,0,0,0,0,0,0,0,0,17,0,0
24.7886445,120.9950597,10.190999984741211,355.5744323730469,0.0,27.48,34.8,-24.359999,-48.830322,-87,-86,0,0,0,0,0,0,0,0,0,17,0,0
24.7886445,120.9950597,10.190999984741211,355.5744323730469,0.0,13.86,23.76,-37.8,55.492054,-87,-86,0,0,0,0,0,0,0,0,0,17,0,0
24.7886445,120.9950597,10.190999984741211,355.5744323730469,0.0,13.62,28.14,-36.059998,18.084023,-87,-86,0,0,0,0,0,0,0,0,0,17,0,0
24.7886578,120.995058,10.166999816894531,355.88677978515625,0.0,26.58,36.3,-23.82,144.91466,-87,-86,0,0,0,0,0,0,0,0,0,17,0,0
24.7886578,120.995058,10.166999816894531,355.88677978515625,0.0,23.1,34.2,-28.56,-33.677963,-87,-86,0,0,0,0,0,0,0,0,0,17,0,0
24.7886694,120.9950574,10.170999526977539,355.9844970703125,0.0,2.82,16.98,-41.399998,71.926056,-87,-86,0,0,0,0,0,0,0,0,0,17,0,0
24.7886694,120.9950574,10.170999526977539,355.9844970703125,0.0,7.68,22.14,-38.34,10.919109,-87,-86,0,0,0,0,0,0,0,0,0,17,0,0
24.7886694,120.9950574,10.170999526977539,355.9844970703125,0.0,23.82,34.44,-25.68,-49.00989,-87,-86,0,0,0,0,0,0,0,0,0,17,0,0
24.7886817,120.9950568,10.12399959564209,355.9055480957031,0.0,9.12,24.359999,-37.68,-11.438964,-87,-86,0,0,0,0,0,0,0,0,0,17,0,0
24.7886817,120.9950568,10.12399959564209,355.9055480957031,0.0,-3.78,17.46,-39.12,54.08776,-87,-86,0,0,0,0,0,0,0,0,0,17,0,0
24.7886938,120.9950564,10.097999572753906,356.0110778808594,0.0,12.54,27.42,-33.6,-6.2288857,-87,-86,0,0,0,0,0,0,0,0,0,17,0,0
24.7886938,120.9950564,10.097999572753906,356.0110778808594,0.0,24.96,34.44,-23.699999,-46.678246,-87,-86,0,0,0,0,0,0,0,0,0,17,0,0
24.7886938,120.9950564,10.097999572753906,356.0110778808594,0.0,11.5199995,24.119999,-36.899998,42.013157,-87,-86,0,0,0,0,0,0,0,0,0,17,0,0
24.7887055,120.9950564,10.045999526977539,356.52337646484375,0.0,4.7999997,29.699999,-36.239998,40.17845,-87,-86,0,0,0,0,0,0,0,0,0,17,0,0
24.7887055,120.9950564,10.045999526977539,356.52337646484375,0.0,22.619999,37.98,-24.42,-8.022144,-87,-86,0,0,0,0,0,0,0,0,0,17,0,0
24.7887055,120.9950564,10.045999526977539,356.52337646484375,0.0,22.199999,41.04,-23.039999,-30.423012,-87,-86,0,0,0,0,0,0,0,0,0,17,0,0
24.7887055,120.9950564,10.045999526977539,356.52337646484375,0.0,4.2,25.859999,-39.84,49.348152,-87,-86,0,0,0,0,0,0,0,0,0,17,0,0
24.7887055,120.9950564,10.045999526977539,356.52337646484375,0.0,2.22,30.9,-36.66,34.686043,-87,-86,0,0,0,0,0,0,0,0,0,17,0,0
24.788719,120.9950559,10.036999702453613,356.74017333984375,0.0,23.58,39.719997,-21.72,-101.12806,-87,-86,0,0,0,0,0,0,0,0,0,17,0,0
24.788719,120.9950559,10.036999702453613,356.74017333984375,0.0,21.119999,35.04,-28.56,-31.62657,-87,-86,0,0,0,0,0,0,0,0,0,17,0,0
24.788719,120.9950559,10.036999702453613,356.74017333984375,0.0,-0.78,13.08,-40.079998,72.15628,-87,-86,0,0,0,0,0,0,0,0,0,17,0,0
24.7887327,120.9950556,10.059000015258789,357.03485107421875,0.0,4.2,20.82,-39.48,29.416193,-87,-86,0,0,0,0,0,0,0,0,0,17,0,0
24.7887327,120.9950556,10.059000015258789,357.03485107421875,0.0,30.599998,31.92,-22.5,-52.30721,-87,-86,0,0,0,0,0,0,0,0,0,17,0,0
24.7887448,120.9950558,10.045000076293945,357.51934814453125,0.0,16.68,22.14,-35.34,-17.288658,-86,-89,0,0,0,0,0,0,0,0,0,17,0,0
24.7887448,120.9950558,10.045000076293945,357.51934814453125,0.0,1.68,13.139999,-39.48,90.775276,-86,-89,0,0,0,0,0,0,0,0,0,17,0,0
24.7887565,120.9950565,10.104000091552734,358.4263610839844,0.0,17.94,29.16,-30.779999,-7.8190203,-86,-89,0,0,0,0,0,0,0,0,0,17,0,0
24.7887565,120.9950565,10.104000091552734,358.4263610839844,0.0,31.32,34.8,-16.74,-55.135654,-86,-89,0,0,0,0,0,0,0,0,0,17,0,0
24.7887565,120.9950565,10.104000091552734,358.4263610839844,0.0,15.059999,18.119999,-36.36,50.170727,-86,-89,0,0,0,0,0,0,0,0,0,17,0,0
24.7887682,120.995057,10.123000144958496,359.19000244140625,0.0,-0.65999997,17.22,-39.239998,67.378784,-86,-89,0,0,0,0,0,0,0,0,0,17,0,0
24.7887682,120.995057,10.123000144958496,359.19000244140625,0.0,19.439999,33.3,-28.92,-19.844635,-86,-89,0,0,0,0,0,0,0,0,0,17,0,0
24.7887682,120.995057,10.123000144958496,359.19000244140625,0.0,28.5,35.82,-19.5,-35.654163,-86,-89,0,0,0,0,0,0,0,0,0,17,0,0
24.7887808,120.9950574,10.168000221252441,359.7393493652344,0.0,4.2,15.66,-40.079998,68.1996,-86,-89,0,0,0,0,0,0,0,0,0,17,0,0
24.7887808,120.9950574,10.168000221252441,359.7393493652344,0.0,0.12,16.56,-40.44,65.33381,-86,-89,0,0,0,0,0,0,0,0,0,17,0,0
24.7887808,120.9950574,10.168000221252441,359.7393493652344,0.0,24.359999,33.54,-26.34,-47.050007,-86,-89,0,0,0,0,0,0,0,0,0,17,0,0
24.7887808,120.9950574,10.168000221252441,359.7393493652344,0.0,25.56,31.08,-26.4,-50.445778,-87,-86,0,0,0,0,0,0,0,0,0,17,0,0
24.7887951,120.9950582,10.190999984741211,0.35225823521614075,0.0,2.46,14.219999,-40.62,93.08401,-87,-86,0,0,0,0,0,0,0,0,0,17,0,0
24.7887951,120.9950582,10.190999984741211,0.35225823521614075,0.0,1.0799999,24.359999,-38.399998,41.85228,-87,-86,0,0,0,0,0,0,0,0,0,17,0,0
24.7888083,120.9950588,10.223999977111816,0.5659521818161011,0.0,28.38,35.219997,-21.359999,-46.249176,-87,-86,0,0,0,0,0,0,0,0,0,17,0,0
24.7888083,120.9950588,10.223999977111816,0.5659521818161011,0.0,20.039999,27.359999,-33.36,-32.125923,-87,-86,0,0,0,0,0,0,0,0,0,17,0,0
24.7888083,120.9950588,10.223999977111816,0.5659521818161011,0.0,0.06,14.759999,-41.34,74.285324,-87,-86,0,0,0,0,0,0,0,0,0,17,0,0
24.7888224,120.9950601,10.281999588012695,1.0184859037399292,0.0,17.46,32.46,-29.699999,-12.618733,-87,-86,0,0,0,0,0,0,0,0,0,17,0,0
24.7888224,120.9950601,10.281999588012695,1.0184859037399292,0.0,28.98,34.739998,-21.119999,-77.172905,-87,-86,0,0,0,0,0,0,0,0,0,17,0,0
24.7888352,120.9950605,10.347000122070312,0.9845521450042725,0.0,13.2,21.779999,-37.86,55.902195,-87,-86,0,0,0,0,0,0,0,0,0,17,0,0
24.7888352,120.9950605,10.347000122070312,0.9845521450042725,0.0,4.7999997,25.92,-37.14,60.83278,-87,-86,0,0,0,0,0,0,0,0,0,17,0,0
24.7888352,120.9950605,10.347000122070312,0.9845521450042725,0.0,25.14,37.5,-20.64,-31.541971,-87,-86,0,0,0,0,0,0,0,0,0,17,0,0
24.7888352,120.9950605,10.347000122070312,0.9845521450042725,0.0,31.679998,38.64,-13.92,-37.349506,-87,-86,0,0,0,0,0,0,0,0,0,17,0,0
24.7888485,120.9950606,10.368000030517578,0.9706290364265442,0.0,8.82,21.119999,-38.7,61.672127,-87,-86,0,0,0,0,0,0,0,0,0,17,0,0
24.7888485,120.9950606,10.368000030517578,0.9706290364265442,0.0,3.48,23.16,-38.399998,46.80585,-87,-86,0,0,0,0,0,0,0,0,0,17,0,0
24.7888623,120.9950606,10.364999771118164,0.9002158641815186,0.0,28.68,36.239998,-19.98,-44.649315,-87,-86,0,0,0,0,0,0,0,0,0,17,0,0
24.7888623,120.9950606,10.364999771118164,0.9002158641815186,0.0,24.84,32.82,-26.4,-30.879473,-87,-86,0,0,0,0,0,0,0,0,0,17,0,0
24.7888623,120.9950606,10.364999771118164,0.9002158641815186,0.0,2.52,15.54,-41.28,58.181942,-90,-87,0,0,0,0,0,0,0,0,0,17,0,0
24.7888623,120.9950606,10.364999771118164,0.9002158641815186,0.0,9.54,28.74,-35.76,15.029362,-90,-87,0,0,0,0,0,0,0,0,0,17,0,0
24.7888764,120.9950602,10.329999923706055,1.0199100971221924,0.0,30.9,38.34,-17.34,-56.990875,-90,-87,0,0,0,0,0,0,0,0,0,17,0,0
24.7888876,120.9950605,10.289999961853027,1.36939537525177,0.0,19.5,30.72,-32.04,-8.475908,-90,-87,0,0,0,0,0,0,0,0,0,17,0,0
24.7888876,120.9950605,10.289999961853027,1.36939537525177,0.0,3.1799998,18.779999,-40.559998,49.376606,-90,-87,0,0,0,0,0,0,0,0,0,17,0,0
24.7888876,120.9950605,10.289999961853027,1.36939537525177,0.0,18.0,32.1,-31.26,-14.615973,-90,-87,0,0,0,0,0,0,0,0,0,17,0,0
24.7888876,120.9950605,10.289999961853027,1.36939537525177,0.0,29.76,34.559998,-23.88,-53.008167,-90,-87,0,0,0,0,0,0,0,0,0,17,0,0
24.7889,120.9950613,10.32800006866455,1.7264622449874878,0.0,6.8999996,15.179999,-41.16,68.23418,-90,-87,0,0,0,0,0,0,0,0,0,17,0,0
24.7889,120.9950613,10.32800006866455,1.7264622449874878,0.0,0.53999996,17.34,-41.64,72.74868,-90,-87,0,0,0,0,0,0,0,0,0,17,0,0
24.7889127,120.9950625,10.262999534606934,1.996203064918518,0.0,23.1,37.92,-25.32,-40.586697,-90,-87,0,0,0,0,0,0,0,0,0,17,0,0
24.7889127,120.9950625,10.262999534606934,1.996203064918518,0.0,32.76,36.84,-16.92,-40.651867,-90,-87,0,0,0,0,0,0,0,0,0,17,0,0
24.7889127,120.9950625,10.262999534606934,1.996203064918518,0.0,7.14,15.299999,-41.7,74.55216,-90,-87,0,0,0,0,0,0,0,0,0,17,0,0
24.7889127,120.9950625,10.262999534606934,1.996203064918518,0.0,9.3,24.06,-39.12,25.274242,-90,-87,0,0,0,0,0,0,0,0,0,17,0,0
24.7889864,120.9950637,9.928999900817871,0.7703601717948914,0.0,0.06,12.12,-39.66,79.22995,-85,-81,0,0,0,0,0,0,0,0,0,17,0,0
24.7889864,120.9950637,9.928999900817871,0.7703601717948914,0.0,7.9199996,26.279999,-38.64,15.007799,-85,-81,0,0,0,0,0,0,0,0,0,17,0,0
24.7889993,120.9950636,9.930000305175781,0.45729386806488037,0.0,27.84,36.54,-23.88,-70.51448,-85,-81,0,0,0,0,0,0,0,0,0,17,0,0
24.7889993,120.9950636,9.930000305175781,0.45729386806488037,0.0,10.98,22.26,-39.12,25.332455,-85,-81,0,0,0,0,0,0,0,0,0,17,0,0
24.7889993,120.9950636,9.930000305175781,0.45729386806488037,0.0,-2.46,8.88,-42.48,38.011875,-85,-81,0,0,0,0,0,0,0,0,0,17,0,0
24.7890112,120.9950637,9.95199966430664,0.5447512269020081,0.0,15.0,29.039999,-34.739998,1.6740748,-85,-81,0,0,0,0,0,0,0,0,0,17,0,0
24.7890112,120.9950637,9.95199966430664,0.5447512269020081,0.0,32.04,36.059998,-20.699999,-44.881264,-85,-81,0,0,0,0,0,0,0,0,0,17,0,0
24.7890112,120.9950637,9.95199966430664,0.5447512269020081,0.0,14.759999,18.9,-38.879997,55.60393,-85,-81,0,0,0,0,0,0,0,0,0,17,0,0
24.7890112,120.9950637,9.95199966430664,0.5447512269020081,0.0,14.46,28.14,-35.94,39.14132,-85,-81,0,0,0,0,0,0,0,0,0,17,0,0
24.7890253,120.9950639,9.980999946594238,0.8019236922264099,0.0,30.599998,40.379997,-15.48,-33.114838,-85,-81,0,0,0,0,0,0,0,0,0,17,0,0
24.7890253,120.9950639,9.980999946594238,0.8019236922264099,0.0,35.399998,37.739998,-8.5199995,-44.03717,-85,-81,0,0,0,0,0,0,0,0,0,17,0,0
24.7890381,120.9950638,10.083000183105469,0.5659363865852356,0.0,10.08,20.699999,-39.6,68.669304,-85,-81,0,0,0,0,0,0,0,0,0,17,0,0
24.7890381,120.9950638,10.083000183105469,0.5659363865852356,0.0,8.88,23.88,-38.879997,23.656267,-85,-81,0,0,0,0,0,0,0,0,0,17,0,0
24.7890381,120.9950638,10.083000183105469,0.5659363865852356,0.0,31.08,35.16,-21.3,-73.49549,-84,-81,0,0,0,0,0,0,0,0,0,17,0,0
24.7890381,120.9950638,10.083000183105469,0.5659363865852356,0.0,26.64,30.359999,-28.439999,-37.583164,-84,-81,0,0,0,0,0,0,0,0,0,17,0,0
24.7890522,120.9950639,10.090999603271484,359.9852600097656,0.0,2.8799999,11.28,-41.04,75.43454,-84,-81,0,0,0,0,0,0,0,0,0,17,0,0
24.7890522,120.9950639,10.090999603271484,359.9852600097656,0.0,7.2,25.8,-39.12,22.159237,-84,-81,0,0,0,0,0,0,0,0,0,17,0,0
24.7890663,120.9950642,10.03499984741211,359.7637634277344,0.0,30.359999,36.059998,-21.66,-60.259773,-84,-81,0,0,0,0,0,0,0,0,0,17,0,0
24.7890663,120.9950642,10.03499984741211,359.7637634277344,0.0,15.299999,26.279999,-37.68,-16.977432,-84,-81,0,0,0,0,0,0,0,0,0,17,0,0
24.7890663,120.9950642,10.03499984741211,359.7637634277344,0.0,-0.24,14.46,-42.239998,77.44744,-84,-81,0,0,0,0,0,0,0,0,0,17,0,0
24.7890827,120.9950644,9.967000007629395,359.6154479980469,0.0,15.0,32.219997,-34.14,-16.746817,-84,-81,0,0,0,0,0,0,0,0,0,17,0,0
24.7890827,120.9950644,9.967000007629395,359.6154479980469,0.0,31.74,36.059998,-20.1,-60.726597,-84,-81,0,0,0,0,0,0,0,0,0,17,0,0
24.7890954,120.995064,9.951000213623047,359.96026611328125,0.0,16.199999,19.02,-38.399998,43.231213,-84,-81,0,0,0,0,0,0,0,0,0,17,0,0
24.7890954,120.995064,9.951000213623047,359.96026611328125,0.0,-0.78,19.619999,-42.3,65.231285,-84,-81,0,0,0,0,0,0,0,0,0,17,0,0
24.7890954,120.995064,9.951000213623047,359.96026611328125,0.0,17.16,34.26,-32.579998,-15.551051,-84,-81,0,0,0,0,0,0,0,0,0,17,0,0
24.7890954,120.995064,9.951000213623047,359.96026611328125,0.0,25.26,39.6,-23.039999,-32.158035,-85,-77,0,0,0,0,0,0,0,0,0,17,0,0
24.7891066,120.9950635,9.970000267028809,359.9842224121094,0.0,8.5199995,19.02,-40.8,23.220833,-85,-77,0,0,0,0,0,0,0,0,0,17,0,0
24.7891066,120.9950635,9.970000267028809,359.9842224121094,0.0,7.3799996,25.439999,-39.0,43.474022,-85,-77,0,0,0,0,0,0,0,0,0,17,0,0
24.7891191,120.9950632,9.961000442504883,0.16919639706611633,0.0,27.539999,37.92,-19.859999,-32.500515,-85,-77,0,0,0,0,0,0,0,0,0,17,0,0
24.7891191,120.9950632,9.961000442504883,0.16919639706611633,0.0,29.88,33.719997,-21.84,-42.43333,-85,-77,0,0,0,0,0,0,0,0,0,17,0,0
24.7891191,120.9950632,9.961000442504883,0.16919639706611633,0.0,3.06,17.64,-40.62,64.84257,-85,-77,0,0,0,0,0,0,0,0,0,17,0,0
24.7891191,120.9950632,9.961000442504883,0.16919639706611633,0.0,-0.24,30.599998,-37.86,34.720497,-85,-77,0,0,0,0,0,0,0,0,0,17,0,0
24.7891324,120.9950634,9.87600040435791,0.39011499285697937,0.0,22.56,42.84,-18.24,-31.576952,-85,-77,0,0,0,0,0,0,0,0,0,17,0,0
24.7891324,120.9950634,9.87600040435791,0.39011499285697937,0.0,29.16,31.38,-25.32,-48.19725,-85,-77,0,0,0,0,0,0,0,0,0,17,0,0
24.7891453,120.995064,9.866000175476074,0.5603622794151306,0.0,7.2599998,12.48,-40.44,73.06428,-85,-77,0,0,0,0,0,0,0,0,0,17,0,0
24.7891453,120.995064,9.866000175476074,0.5603622794151306,0.0,8.639999,22.38,-39.0,38.528088,-85,-77,0,0,0,0,0,0,0,0,0,17,0,0
24.7891453,120.995064,9.866000175476074,0.5603622794151306,0.0,27.9,36.719997,-20.4,-48.257828,-85,-77,0,0,0,0,0,0,0,0,0,17,0,0
24.7891584,120.9950647,9.777999877929688,0.7018712759017944,0.0,21.779999,29.4,-32.16,-25.972902,-85,-77,0,0,0,0,0,0,0,0,0,17,0,0
24.7891584,120.9950647,9.777999877929688,0.7018712759017944,0.0,6.3599997,18.84,-41.52,75.223564,-85,-77,0,0,0,0,0,0,0,0,0,17,0,0
24.7891716,120.9950657,9.805999755859375,0.7770640850067139,0.0,17.22,30.3,-33.18,-5.4778414,-85,-77,0,0,0,0,0,0,0,0,0,17,0,0
24.7891716,120.9950657,9.805999755859375,0.7770640850067139,0.0,29.4,39.059998,-18.0,-81.12892,-85,-77,0,0,0,0,0,0,0,0,0,17,0,0
24.7891716,120.9950657,9.805999755859375,0.7770640850067139,0.0,21.3,22.92,-35.1,0.40493527,-85,-77,0,0,0,0,0,0,0,0,0,17,0,0
24.7891858,120.9950669,9.888999938964844,0.8380122184753418,0.0,3.48,15.9,-42.6,45.52973,-85,-77,0,0,0,0,0,0,0,0,0,17,0,0
24.7891858,120.9950669,9.888999938964844,0.8380122184753418,0.0,19.02,37.62,-30.359999,3.13791,-85,-77,0,0,0,0,0,0,0,0,0,17,0,0
24.7891858,120.9950669,9.888999938964844,0.8380122184753418,0.0,31.74,41.219997,-15.48,-69.698074,-85,-91,0,0,0,0,0,0,0,0,0,17,0,0
24.7891988,120.9950678,9.934000015258789,0.8194143176078796,0.0,19.02,25.26,-37.02,37.379246,-85,-91,0,0,0,0,0,0,0,0,0,17,0,0
24.7891988,120.9950678,9.934000015258789,0.8194143176078796,0.0,2.9399998,20.46,-41.94,50.074554,-85,-91,0,0,0,0,0,0,0,0,0,17,0,0
24.7892125,120.9950688,9.894000053405762,2.41165828704834,0.0,24.06,40.2,-24.9,-16.85443,-85,-91,0,0,0,0,0,0,0,0,0,17,0,0
24.7892125,120.9950688,9.894000053405762,2.41165828704834,0.0,33.42,37.8,-17.4,-42.00688,-85,-91,0,0,0,0,0,0,0,0,0,17,0,0
24.7892125,120.9950688,9.894000053405762,2.41165828704834,0.0,12.96,21.72,-39.42,47.571617,-85,-91,0,0,0,0,0,0,0,0,0,17,0,0
24.7892125,120.9950688,9.894000053405762,2.41165828704834,0.0,1.02,21.96,-41.34,65.15328,-85,-91,0,0,0,0,0,0,0,0,0,17,0,0
24.7892259,120.9950703,9.805999755859375,2.846031665802002,0.0,20.46,39.0,-28.08,-40.591568,-85,-91,0,0,0,0,0,0,0,0,0,17,0,0
24.7892259,120.9950703,9.805999755859375,2.846031665802002,0.0,24.72,34.079998,-26.939999,-33.001366,-85,-91,0,0,0,0,0,0,0,0,0,17,0,0
24.7892405,120.9950727,9.788999557495117,5.861495494842529,0.0,4.5,18.0,-41.219997,67.76856,-85,-91,0,0,0,0,0,0,0,0,0,17,0,0
24.7892405,120.9950727,9.788999557495117,5.861495494842529,0.0,10.08,29.279999,-38.1,34.146656,-85,-91,0,0,0,0,0,0,0,0,0,17,0,0
24.7892405,120.9950727,9.788999557495117,5.861495494842529,0.0,29.039999,38.46,-20.52,-72.51156,-85,-91,0,0,0,0,0,0,0,0,0,17,0,0
24.7892405,120.9950727,9.788999557495117,5.861495494842529,0.0,28.5,26.58,-30.66,-21.597961,-85,-91,0,0,0,0,0,0,0,0,0,17,0,0
24.7892533,120.9950759,9.78499984741211,8.777706146240234,0.0,18.119999,17.46,-39.12,61.004818,-85,-91,0,0,0,0,0,0,0,0,0,17,0,0
24.7892533,120.9950759,9.78499984741211,8.777706146240234,0.0,29.039999,27.9,-28.619999,-23.346535,-83,-89,0,0,0,0,0,0,0,0,0,17,0,0
24.7892665,120.9950782,9.791999816894531,5.624044418334961,0.0,37.32,32.82,-13.62,-122.25725,-83,-89,0,0,0,0,0,0,0,0,0,17,0,0
24.7892665,120.9950782,9.791999816894531,5.624044418334961,0.0,20.279999,17.699999,-35.88,9.553119,-83,-89,0,0,0,0,0,0,0,0,0,17,0,0
24.7892665,120.9950782,9.791999816894531,5.624044418334961,0.0,6.7799997,12.24,-41.399998,58.814,-83,-89,0,0,0,0,0,0,0,0,0,17,0,0
24.7892808,120.9950782,9.848999977111816,359.2605895996094,0.0,22.26,30.539999,-29.76,-23.07305,-83,-89,0,0,0,0,0,0,0,0,0,17,0,0
24.7892808,120.9950782,9.848999977111816,359.2605895996094,0.0,32.579998,32.7,-20.34,-49.99152,-83,-89,0,0,0,0,0,0,0,0,0,17,0,0
24.7892964,120.9950785,9.89900016784668,359.38897705078125,0.0,10.38,17.88,-39.3,73.45423,-83,-89,0,0,0,0,0,0,0,0,0,17,0,0
24.7892964,120.9950785,9.89900016784668,359.38897705078125,0.0,5.8799996,18.06,-41.16,41.584282,-83,-89,0,0,0,0,0,0,0,0,0,17,0,0
24.7892964,120.9950785,9.89900016784668,359.38897705078125,0.0,28.439999,31.679998,-24.72,-57.88254,-83,-89,0,0,0,0,0,0,0,0,0,17,0,0
24.7893109,120.99508,9.993000030517578,1.7488595247268677,0.0,32.219997,29.34,-24.779999,-50.515877,-83,-89,0,0,0,0,0,0,0,0,0,17,0,0
24.7893109,120.99508,9.993000030517578,1.7488595247268677,0.0,5.64,13.08,-41.16,79.305016,-84,-85,0,0,0,0,0,0,0,0,0,17,0,0
24.7893109,120.99508,9.993000030517578,1.7488595247268677,0.0,10.679999,24.84,-37.5,17.8348,-84,-85,0,0,0,0,0,0,0,0,0,17,0,0
24.789324,120.9950804,10.027000427246094,1.2539598941802979,0.0,32.579998,33.3,-22.08,-45.83816,-84,-85,0,0,0,0,0,0,0,0,0,17,0,0
24.789324,120.9950804,10.027000427246094,1.2539598941802979,0.0,28.08,25.019999,-30.72,-36.718536,-84,-85,0,0,0,0,0,0,0,0,0,17,0,0
24.7893346,120.9950791,10.008000373840332,357.50640869140625,0.0,10.74,19.98,-39.36,119.51397,-84,-85,0,0,0,0,0,0,0,0,0,17,0,0
24.7893346,120.9950791,10.008000373840332,357.50640869140625,0.0,26.939999,31.08,-27.24,-31.101479,-84,-85,0,0,0,0,0,0,0,0,0,17,0,0
24.7893346,120.9950791,10.008000373840332,357.50640869140625,0.0,38.1,33.18,-11.759999,-117.4644,-84,-85,0,0,0,0,0,0,0,0,0,17,0,0
24.7893451,120.995077,10.059000015258789,353.8227844238281,0.0,24.24,22.02,-34.2,38.43982,-84,-85,0,0,0,0,0,0,0,0,0,17,0,0
24.7893451,120.995077,10.059000015258789,353.8227844238281,0.0,13.799999,21.24,-38.399998,60.449448,-84,-85,0,0,0,0,0,0,0,0,0,17,0,0
24.7893451,120.995077,10.059000015258789,353.8227844238281,0.0,28.32,32.219997,-24.24,-25.58779,-84,-85,0,0,0,0,0,0,0,0,0,17,0,0
24.7893451,120.995077,10.059000015258789,353.8227844238281,0.0,34.98,33.18,-16.8,-45.104355,-84,-85,0,0,0,0,0,0,0,0,0,17,0,0
24.7893579,120.9950738,10.131999969482422,352.5103759765625,0.0,21.779999,15.48,-36.18,67.49709,-84,-85,0,0,0,0,0,0,0,0,0,17,0,0
24.7893579,120.9950738,10.131999969482422,352.5103759765625,0.0,21.119999,25.08,-33.899998,12.252667,-84,-85,0,0,0,0,0,0,0,0,0,17,0,0
24.7893714,120.9950715,10.173999786376953,351.8970642089844,0.0,37.2,35.88,-14.219999,-66.72937,-84,-85,0,0,0,0,0,0,0,0,0,17,0,0
24.7893714,120.9950715,10.173999786376953,351.8970642089844,0.0,33.66,34.92,-16.8,-42.836998,-84,-85,0,0,0,0,0,0,0,0,0,17,0,0
24.7893714,120.9950715,10.173999786376953,351.8970642089844,0.0,26.039999,31.439999,-30.119999,68.95972,-84,-85,0,0,0,0,0,0,0,0,0,17,0,0
24.7893714,120.9950715,10.173999786376953,351.8970642089844,0.0,30.0,34.44,-23.1,4.018548,-84,-85,0,0,0,0,0,0,0,0,0,17,0,0
24.7893855,120.9950661,10.152000427246094,345.0517578125,0.0,38.16,37.559998,-9.48,-49.128803,-84,-85,0,0,0,0,0,0,0,0,0,17,0,0
24.7893975,120.99506,10.095000267028809,339.99365234375,0.0,33.42,28.92,-23.939999,-49.74772,-84,-85,0,0,0,0,0,0,0,0,0,17,0,0
24.7893975,120.99506,10.095000267028809,339.99365234375,0.0,19.439999,18.66,-36.96,71.07013,-87,0,-93,0,0,0,0,0,0,0,0,17,0,0
24.7893975,120.99506,10.095000267028809,339.99365234375,0.0,27.18,29.46,-29.16,-3.5944204,-87,0,-93,0,0,0,0,0,0,0,0,17,0,0
24.7893975,120.99506,10.095000267028809,339.99365234375,0.0,42.12,32.7,-0.9,-73.374664,-87,0,-93,0,0,0,0,0,0,0,0,17,0,0
24.7894063,120.9950535,10.015999794006348,336.052734375,0.0,34.32,24.66,-24.72,-53.414436,-87,0,-93,0,0,0,0,0,0,0,0,17,0,0
24.7894063,120.9950535,10.015999794006348,336.052734375,0.0,18.539999,25.199999,-35.82,67.55256,-87,0,-93,0,0,0,0,0,0,0,0,17,0,0
24.7894183,120.9950472,9.958000183105469,335.7330322265625,0.0,32.76,34.92,-17.64,-35.150467,-87,0,-93,0,0,0,0,0,0,0,0,17,0,0
24.7894183,120.9950472,9.958000183105469,335.7330322265625,0.0,42.96,28.14,-8.4,-119.527954,-87,0,-93,0,0,0,0,0,0,0,0,17,0,0
24.7894183,120.9950472,9.958000183105469,335.7330322265625,0.0,27.66,21.06,-31.98,33.748734,-87,0,-93,0,0,0,0,0,0,0,0,17,0,0
24.7894183,120.9950472,9.958000183105469,335.7330322265625,0.0,17.699999,24.48,-35.219997,50.64272,-87,0,-93,0,0,0,0,0,0,0,0,17,0,0
24.7894278,120.9950419,10.020999908447266,334.3927917480469,0.0,37.079998,29.82,-17.34,-63.05479,-87,0,-93,0,0,0,0,0,0,0,0,17,0,0
24.7894278,120.9950419,10.020999908447266,334.3927917480469,0.0,39.42,24.48,-18.24,-60.93711,-87,0,-93,0,0,0,0,0,0,0,0,17,0,0
24.7894397,120.9950337,10.067999839782715,329.5987854003906,0.0,20.16,17.4,-37.079998,96.1684,-86,-85,0,0,0,0,0,0,0,0,0,17,0,0
24.7894397,120.9950337,10.067999839782715,329.5987854003906,0.0,22.26,28.019999,-32.88,0.7911735,-86,-85,0,0,0,0,0,0,0,0,0,17,0,0
24.7894397,120.9950337,10.067999839782715,329.5987854003906,0.0,43.5,25.98,-7.62,-65.33373,-86,-85,0,0,0,0,0,0,0,0,0,17,0,0
24.7894493,120.9950257,10.095999717712402,327.6918029785156,0.0,36.719997,22.619999,-21.42,-50.713474,-86,-85,0,0,0,0,0,0,0,0,0,17,0,0
24.7894493,120.9950257,10.095999717712402,327.6918029785156,0.0,23.16,22.02,-34.8,92.52285,-86,-85,0,0,0,0,0,0,0,0,0,17,0,0
24.7894581,120.9950171,10.067999839782715,326.6263122558594,0.0,37.38,26.46,-19.26,-44.08535,-86,-85,0,0,0,0,0,0,0,0,0,17,0,0
24.7894581,120.9950171,10.067999839782715,326.6263122558594,0.0,42.6,24.24,-10.74,-73.80273,-86,-85,0,0,0,0,0,0,0,0,0,17,0,0
24.7894581,120.9950171,10.067999839782715,326.6263122558594,0.0,29.519999,21.06,-29.699999,24.055017,-86,-85,0,0,0,0,0,0,0,0,0,17,0,0
24.7894581,120.9950171,10.067999839782715,326.6263122558594,0.0,22.619999,25.56,-33.0,-13.693227,-86,-85,0,0,0,0,0,0,0,0,0,17,0,0
24.7894581,120.9950171,10.067999839782715,326.6263122558594,0.0,38.64,24.539999,-17.64,-74.72351,-86,-85,0,0,0,0,0,0,0,0,0,17,0,0
24.7894669,120.9950083,9.96399974822998,324.79412841796875,0.0,42.719997,20.699999,-13.799999,-61.845314,-86,-85,0,0,0,0,0,0,0,0,0,17,0,0
24.7894765,120.9949993,9.968999862670898,326.1444396972656,0.0,29.64,22.98,-29.76,61.51842,-86,-85,0,0,0,0,0,0,0,0,0,17,0,0
24.7894765,120.9949993,9.968999862670898,326.1444396972656,0.0,39.42,22.74,-18.42,-44.800556,-86,-85,0,0,0,0,0,0,0,0,0,17,0,0
24.7894765,120.9949993,9.968999862670898,326.1444396972656,0.0,45.899998,21.66,-1.86,-87.18192,-86,-85,0,0,0,0,0,0,0,0,0,17,0,0
24.7894765,120.9949993,9.968999862670898,326.1444396972656,0.0,37.62,15.839999,-21.96,-18.551268,-86,-85,0,0,0,0,0,0,0,0,0,17,0,0
24.7894863,120.9949899,10.027999877929688,326.44952392578125,0.0,24.72,20.699999,-32.76,54.161118,-86,-85,0,0,0,0,0,0,0,0,0,17,0,0
24.7894863,120.9949899,10.027999877929688,326.44952392578125,0.0,42.0,20.76,-12.84,-70.85943,-86,-85,0,0,0,0,0,0,0,0,0,17,0,0
24.7894863,120.9949899,10.027999877929688,326.44952392578125,0.0,43.86,20.52,-5.46,-79.72876,-86,-85,0,0,0,0,0,0,0,0,0,17,0,0
24.7894922,120.9949838,10.045000076293945,321.6179504394531,0.0,33.899998,18.359999,-23.82,18.673119,-86,-85,0,0,0,0,0,0,0,0,0,17,0,0
24.7894922,120.9949838,10.045000076293945,321.6179504394531,0.0,28.38,26.22,-24.18,-15.699741,-85,-90,0,0,0,0,0,0,0,0,0,17,0,0
24.7894964,120.9949781,10.015000343322754,317.1078796386719,0.0,40.8,26.22,-8.5199995,-98.339935,-85,-90,0,0,0,0,0,0,0,0,0,17,0,0
24.7894964,120.9949781,10.015000343322754,317.1078796386719,0.0,39.3,21.96,-16.14,-57.76039,-85,-90,0,0,0,0,0,0,0,0,0,17,0,0
24.7894964,120.9949781,10.015000343322754,317.1078796386719,0.0,27.18,21.539999,-30.359999,73.83048,-85,-90,0,0,0,0,0,0,0,0,0,17,0,0
24.7894964,120.9949781,10.015000343322754,317.1078796386719,0.0,32.94,28.56,-22.02,-21.19987,-85,-90,0,0,0,0,0,0,0,0,0,17,0,0
24.7895029,120.9949725,9.98799991607666,321.0612487792969,0.0,43.98,26.16,-4.56,-87.47279,-85,-90,0,0,0,0,0,0,0,0,0,17,0,0
24.789515,120.9949652,10.001999855041504,323.9667663574219,0.0,37.38,23.76,-19.74,-48.116444,-85,-90,0,0,0,0,0,0,0,0,0,17,0,0
24.789515,120.9949652,10.001999855041504,323.9667663574219,0.0,28.199999,26.76,-28.68,-159.97647,-85,-90,0,0,0,0,0,0,0,0,0,17,0,0
24.789515,120.9949652,10.001999855041504,323.9667663574219,0.0,38.46,27.359999,-16.02,-45.066956,-85,-90,0,0,0,0,0,0,0,0,0,17,0,0
24.789515,120.9949652,10.001999855041504,323.9667663574219,0.0,44.34,22.199999,-4.02,-83.17647,-85,-90,0,0,0,0,0,0,0,0,0,17,0,0
24.7895273,120.9949572,9.958000183105469,325.6136474609375,0.0,33.6,14.94,-26.16,-24.318153,-85,-90,0,0,0,0,0,0,0,0,0,17,0,0
24.7896372,120.9947439,10.060999870300293,288.4820861816406,0.0,39.239998,3.1799998,-15.0,65.34347,0,-92,0,0,-88,0,0,0,0,0,0,17,0,0
24.7896372,120.9947439,10.060999870300293,288.4820861816406,0.0,36.899998,9.36,-21.72,-78.31983,0,-92,0,0,-88,0,0,0,0,0,0,17,0,0
24.7896417,120.9947272,10.015000343322754,288.1856689453125,0.0,42.059998,-4.08,0.48,-107.70933,0,-92,0,0,-88,0,0,0,0,0,0,17,0,0
24.7896417,120.9947272,10.015000343322754,288.1856689453125,0.0,41.76,-0.24,-9.84,-92.57235,0,-92,0,0,-88,0,0,0,0,0,0,17,0,0
24.7896417,120.9947272,10.015000343322754,288.1856689453125,0.0,43.079998,11.88,-10.86,111.462395,0,-92,0,0,-88,0,0,0,0,0,0,17,0,0
24.7896444,120.9947093,9.928999900817871,281.4407653808594,0.0,45.0,2.8799999,0.48,-81.356926,0,-92,0,0,-88,0,0,0,0,0,0,17,0,0
24.7896444,120.9947093,9.928999900817871,281.4407653808594,0.0,40.5,-6.96,-0.06,-102.753,0,-92,0,0,-88,0,0,0,0,0,0,17,0,0
24.7896457,120.9946938,10.003000259399414,275.5218200683594,0.0,42.42,0.24,-8.76,96.48714,0,-92,0,0,-88,0,0,0,0,0,0,17,0,0
24.7896457,120.9946938,10.003000259399414,275.5218200683594,0.0,45.0,3.48,-2.9399998,-58.845516,0,-92,0,0,-88,0,0,0,0,0,0,17,0,0
24.7896457,120.9946938,10.003000259399414,275.5218200683594,0.0,35.16,-6.42,-14.759999,-146.61768,0,-92,0,0,-88,0,0,0,0,0,0,17,0,0
24.7896456,120.994676,10.017000198364258,276.1817932128906,0.0,28.32,-3.6,-28.019999,-100.14579,0,-92,0,0,-88,0,0,0,0,0,0,17,0,0
24.7896456,120.994676,10.017000198364258,276.1817932128906,0.0,30.599998,2.7,-28.08,89.95085,0,-88,0,0,-82,0,0,0,0,0,0,17,0,0
24.7896456,120.994676,10.017000198364258,276.1817932128906,0.0,32.1,-4.2599998,-23.279999,-83.966774,0,-88,0,0,-82,0,0,0,0,0,0,17,0,0
24.7896469,120.9946602,10.019000053405762,276.1470031738281,0.0,21.84,-12.54,-25.859999,-115.67628,0,-88,0,0,-82,0,0,0,0,0,0,17,0,0
24.7896469,120.9946602,10.019000053405762,276.1470031738281,0.0,29.16,-2.6399999,-27.539999,-88.70521,0,-88,0,0,-82,0,0,0,0,0,0,17,0,0
24.7896469,120.9946602,10.019000053405762,276.1470031738281,0.0,32.64,-5.52,-21.18,-98.88536,0,-88,0,0,-82,0,0,0,0,0,0,17,0,0
24.7896483,120.994644,10.104000091552734,272.84912109375,0.0,31.679998,-12.54,-15.36,-141.44757,0,-88,0,0,-82,0,0,0,0,0,0,17,0,0
24.7896483,120.994644,10.104000091552734,272.84912109375,0.0,34.5,-11.4,-14.7,-106.82544,0,-88,0,0,-82,0,0,0,0,0,0,17,0,0
24.7896483,120.994644,10.104000091552734,272.84912109375,0.0,41.34,-0.35999998,-11.58,179.3268,0,-88,0,0,-82,0,0,0,0,0,0,17,0,0
24.7896488,120.9946295,10.128999710083008,266.6255798339844,0.0,41.16,-7.5,-2.3999999,-100.25203,0,-88,0,0,-82,0,0,0,0,0,0,17,0,0
24.7896488,120.9946295,10.128999710083008,266.6255798339844,0.0,33.96,-14.759999,-5.4,-157.94975,0,-88,0,0,-82,0,0,0,0,0,0,17,0,0
24.7896488,120.9946295,10.128999710083008,266.6255798339844,0.0,41.82,-8.5199995,-5.7,-115.12535,0,-88,0,0,-82,0,0,0,0,0,0,17,0,0
24.7896488,120.9946295,10.128999710083008,266.6255798339844,0.0,43.5,-6.42,-4.44,-109.747665,0,-88,0,0,-82,0,0,0,0,0,0,17,0,0
24.7896478,120.9946179,10.16100025177002,270.97735595703125,0.0,37.68,-15.839999,-3.12,-127.97698,0,-88,0,0,-82,0,0,0,0,0,0,17,0,0
24.7896478,120.9946179,10.16100025177002,270.97735595703125,0.0,37.68,-16.619999,-0.29999998,-114.93168,0,-93,0,0,-87,0,0,0,0,0,0,17,0,0
24.7896484,120.994607,10.121999740600586,273.6264953613281,0.0,46.44,-1.26,7.2,135.16782,0,-93,0,0,-87,0,0,0,0,0,0,17,0,0
24.7896484,120.994607,10.121999740600586,273.6264953613281,0.0,43.559998,-7.9199996,6.48,-98.78217,0,-93,0,0,-87,0,0,0,0,0,0,17,0,0
24.7896494,120.9945953,10.111000061035156,272.7786560058594,0.0,39.12,-14.34,6.18,142.05843,0,-93,0,0,-87,0,0,0,0,0,0,17,0,0
24.7896494,120.9945953,10.111000061035156,272.7786560058594,0.0,40.379997,-11.58,-2.82,-107.14858,0,-93,0,0,-87,0,0,0,0,0,0,17,0,0
24.7896494,120.9945953,10.111000061035156,272.7786560058594,0.0,44.7,0.42,-2.1599998,-144.52983,0,-93,0,0,-87,0,0,0,0,0,0,17,0,0
24.7896501,120.9945849,10.0600004196167,272.2489318847656,0.0,40.26,-11.16,-1.9799999,-111.019714,0,-93,0,0,-87,0,0,0,0,0,0,17,0,0
24.7896501,120.9945849,10.0600004196167,272.2489318847656,0.0,37.739998,-15.179999,-1.9799999,-120.64372,0,-93,0,0,-87,0,0,0,0,0,0,17,0,0
24.7896501,120.9945849,10.0600004196167,272.2489318847656,0.0,42.36,-3.8999999,-7.9199996,169.44255,0,-93,0,0,-87,0,0,0,0,0,0,17,0,0
24.7896501,120.9945849,10.0600004196167,272.2489318847656,0.0,44.04,-3.24,-3.3,-83.4573,0,-93,0,0,-87,0,0,0,0,0,0,17,0,0
24.7896504,120.9945735,10.064000129699707,272.690673828125,0.0,40.26,-9.059999,-0.48,163.28333,0,-93,0,0,-87,0,0,0,0,0,0,17,0,0
24.7896502,120.9945595,10.059000015258789,272.10650634765625,0.0,36.18,-12.12,-8.58,-105.26441,0,-93,0,0,-87,0,0,0,0,0,0,17,0,0
24.7896502,120.9945595,10.059000015258789,272.10650634765625,0.0,42.059998,-3.78,-7.44,-169.33742,0,-93,0,0,-87,0,0,0,0,0,0,17,0,0
24.7896502,120.9945595,10.059000015258789,272.10650634765625,0.0,39.899998,-8.34,-1.68,-97.223015,-93,0,0,0,-90,0,0,0,0,0,0,17,0,0
24.7896502,120.9945595,10.059000015258789,272.10650634765625,0.0,32.82,-17.699999,-3.0,-142.12871,-93,0,0,0,-90,0,0,0,0,0,0,17,0,0
24.7896496,120.9945455,9.987000465393066,272.8165588378906,0.0,37.32,-13.74,0.06,-152.44218,-93,0,0,0,-90,0,0,0,0,0,0,17,0,0
24.7896496,120.9945455,9.987000465393066,272.8165588378906,0.0,40.5,-9.179999,1.26,-110.83095,-93,0,0,0,-90,0,0,0,0,0,0,17,0,0
24.7896476,120.9945335,9.965999603271484,270.0079650878906,0.0,34.14,-17.699999,1.68,-140.58653,-93,0,0,0,-90,0,0,0,0,0,0,17,0,0
24.7896476,120.9945335,9.965999603271484,270.0079650878906,0.0,30.9,-19.38,-7.08,-119.646706,-93,0,0,0,-90,0,0,0,0,0,0,17,0,0
24.7896476,120.9945335,9.965999603271484,270.0079650878906,0.0,38.399998,-10.44,-5.22,163.69223,-93,0,0,0,-90,0,0,0,0,0,0,17,0,0
24.7896454,120.9945221,9.958999633789062,265.41876220703125,0.0,39.78,-10.38,-1.74,-100.51602,-93,0,0,0,-90,0,0,0,0,0,0,17,0,0
24.7896454,120.9945221,9.958999633789062,265.41876220703125,0.0,35.04,-15.54,-2.04,-150.16205,-93,0,0,0,-90,0,0,0,0,0,0,17,0,0
24.7896454,120.9945221,9.958999633789062,265.41876220703125,0.0,38.399998,-12.54,0.65999997,-142.97037,-93,0,0,0,-90,0,0,0,0,0,0,17,0,0
24.7896454,120.9945221,9.958999633789062,265.41876220703125,0.0,41.94,-8.46,0.59999996,-103.295044,-93,0,0,0,-90,0,0,0,0,0,0,17,0,0
24.7896445,120.9945123,10.029000282287598,261.3565979003906,0.0,33.48,-18.06,6.6,107.10993,-93,0,0,0,-90,0,0,0,0,0,0,17,0,0
24.7896445,120.9945123,10.029000282287598,261.3565979003906,0.0,30.0,-21.0,1.92,-124.13699,-93,0,0,0,-90,0,0,0,0,0,0,17,0,0
24.7896417,120.9945022,10.079000473022461,257.86285400390625,0.0,41.219997,-8.34,3.4199998,176.58604,-93,0,0,0,-90,0,0,0,0,0,0,17,0,0
24.7896417,120.9945022,10.079000473022461,257.86285400390625,0.0,40.62,-12.48,6.54,-102.40878,-93,0,0,0,-90,0,0,0,0,0,0,17,0,0
24.7896417,120.9945022,10.079000473022461,257.86285400390625,0.0,32.1,-20.52,2.9399998,-137.75485,0,0,-92,0,-89,0,0,0,0,0,0,17,0,0
24.7896389,120.9944927,10.144000053405762,255.9735870361328,0.0,40.92,-8.76,4.38,-139.12016,0,0,-92,0,-89,0,0,0,0,0,0,17,0,0
24.7896389,120.9944927,10.144000053405762,255.9735870361328,0.0,43.92,-4.3199997,0.0,-103.17239,0,0,-92,0,-89,0,0,0,0,0,0,17,0,0
24.7896389,120.9944927,10.144000053405762,255.9735870361328,0.0,33.54,-18.48,4.2599998,-163.27989,0,0,-92,0,-89,0,0,0,0,0,0,17,0,0
24.7896389,120.9944927,10.144000053405762,255.9735870361328,0.0,34.739998,-16.38,7.98,-114.357666,0,0,-92,0,-89,0,0,0,0,0,0,17,0,0
24.7896337,120.9944815,10.090999603271484,251.8561248779297,0.0,41.46,-5.94,11.5199995,164.01903,0,0,-92,0,-89,0,0,0,0,0,0,17,0,0
24.7896337,120.9944815,10.090999603271484,251.8561248779297,0.0,32.94,-18.48,7.44,-119.261345,0,0,-92,0,-89,0,0,0,0,0,0,17,0,0
24.7896265,120.9944661,10.062000274658203,246.78492736816406,0.0,27.9,-22.56,0.35999998,-138.35008,0,0,-92,0,-89,0,0,0,0,0,0,17,0,0
24.7896265,120.9944661,10.062000274658203,246.78492736816406,0.0,38.219997,-13.259999,9.36,-142.38086,0,0,-92,0,-89,0,0,0,0,0,0,17,0,0
24.7896265,120.9944661,10.062000274658203,246.78492736816406,0.0,33.719997,-18.3,8.16,-98.86323,0,0,-92,0,-89,0,0,0,0,0,0,17,0,0
24.7896173,120.994451,10.060999870300293,245.07611083984375,0.0,25.439999,-23.82,-1.8,-115.693596,0,0,-92,0,-89,0,0,0,0,0,0,17,0,0
24.7896173,120.994451,10.060999870300293,245.07611083984375,0.0,27.599998,-23.58,5.3399997,-130.00987,0,0,-92,0,-89,0,0,0,0,0,0,17,0,0
24.7896173,120.994451,10.060999870300293,245.07611083984375,0.0,31.92,-19.68,5.64,-132.12311,0,0,-92,0,-89,0,0,0,0,0,0,17,0,0
24.7896173,120.994451,10.060999870300293,245.07611083984375,0.0,22.199999,-25.38,-0.9,-86.74292,0,0,-92,0,-89,0,0,0,0,0,0,17,0,0
24.7896089,120.9944354,10.064000129699707,244.23269653320312,0.0,19.08,-27.48,-1.26,-146.79195,0,0,-92,0,-89,0,0,0,0,0,0,17,0,0
24.7896018,120.9944225,10.09000015258789,242.983642578125,0.0,32.46,-19.08,9.0,-168.95015,0,0,-92,0,-89,0,0,0,0,0,0,17,0,0
24.7896018,120.9944225,10.09000015258789,242.983642578125,0.0,27.66,-22.68,7.74,-117.6436,0,0,-92,0,-89,0,0,0,0,0,0,17,0,0
24.7896018,120.9944225,10.09000015258789,242.983642578125,0.0,19.859999,-26.34,-0.96,-161.17233,0,0,-92,0,-89,0,0,0,0,0,0,17,0,0
24.7895934,120.9944095,10.065999984741211,240.935546875,0.0,28.019999,-22.619999,5.7,-125.62772,0,0,-92,0,-89,0,0,0,0,0,0,17,0,0
24.7895934,120.9944095,10.065999984741211,240.935546875,0.0,37.5,-15.96,2.34,176.89407,0,0,-92,0,-89,0,0,0,0,0,0,17,0,0
24.7895934,120.9944095,10.065999984741211,240.935546875,0.0,30.539999,-21.66,-1.9799999,-123.69763,0,0,-92,0,-89,0,0,0,0,0,0,17,0,0
24.7895934,120.9944095,10.065999984741211,240.935546875,0.0,23.1,-27.359999,1.9799999,-150.24841,0,0,-92,0,-89,0,0,0,0,0,0,17,0,0
24.7895865,120.9943968,10.020000457763672,240.3942413330078,0.0,33.899998,-17.46,15.179999,-152.66151,0,0,-92,0,-89,0,0,0,0,0,0,17,0,0
24.7895865,120.9943968,10.020000457763672,240.3942413330078,0.0,27.06,-22.8,8.82,-124.89244,0,0,0,0,-91,-95,0,0,0,0,0,17,0,0
24.7895786,120.9943828,10.057999610900879,239.9087371826172,0.0,17.699999,-26.46,-4.5,4.8917856,0,0,0,0,-91,-95,0,0,0,0,0,17,0,0
24.7895786,120.9943828,10.057999610900879,239.9087371826172,0.0,10.74,-28.98,-0.53999996,-159.3738,0,0,0,0,-91,-95,0,0,0,0,0,17,0,0
24.7895786,120.9943828,10.057999610900879,239.9087371826172,0.0,23.939999,-24.48,10.08,-172.69373,0,0,0,0,-91,-95,0,0,0,0,0,17,0,0
24.7895708,120.9943698,10.07800006866455,238.88819885253906,0.0,13.98,-28.439999,-1.4399999,-151.53294,0,0,0,0,-91,-95,0,0,0,0,0,17,0,0
24.7895708,120.9943698,10.07800006866455,238.88819885253906,0.0,12.179999,-28.14,-5.46,-147.26312,0,0,0,0,-91,-95,0,0,0,0,0,17,0,0
24.7895708,120.9943698,10.07800006866455,238.88819885253906,0.0,17.82,-26.939999,6.96,-148.56874,0,0,0,0,-91,-95,0,0,0,0,0,17,0,0
24.7895708,120.9943698,10.07800006866455,238.88819885253906,0.0,19.26,-26.88,8.639999,-142.18506,0,0,0,0,-91,-95,0,0,0,0,0,17,0,0
24.7895641,120.99436,10.142000198364258,236.851318359375,0.0,10.44,-29.76,-6.0,-139.15529,0,0,0,0,-91,-95,0,0,0,0,0,17,0,0
24.7895641,120.99436,10.142000198364258,236.851318359375,0.0,10.139999,-30.0,-4.44,-157.44002,0,0,0,0,-91,-95,0,0,0,0,0,17,0,0
24.789558,120.9943513,10.197999954223633,235.14926147460938,0.0,25.92,-25.26,9.599999,-166.4121,0,0,0,0,-91,-95,0,0,0,0,0,17,0,0
24.789558,120.9943513,10.197999954223633,235.14926147460938,0.0,19.439999,-30.179998,4.14,-146.65726,0,0,0,-86,-89,0,0,0,0,0,0,17,0,0
24.789558,120.9943513,10.197999954223633,235.14926147460938,0.0,11.5199995,-30.48,-1.38,-179.11407,0,0,0,-86,-89,0,0,0,0,0,0,17,0,0
24.7895526,120.9943427,10.21500015258789,234.86279296875,0.0,16.5,-29.939999,7.56,-148.42918,0,0,0,-86,-89,0,0,0,0,0,0,17,0,0
24.7895526,120.9943427,10.21500015258789,234.86279296875,0.0,23.939999,-26.82,9.059999,-154.713,0,0,0,-86,-89,0,0,0,0,0,0,17,0,0
24.7895463,120.9943333,10.210000038146973,234.3628387451172,0.0,13.74,-29.88,-3.4199998,-146.53778,0,0,0,-86,-89,0,0,0,0,0,0,17,0,0
24.7895463,120.9943333,10.210000038146973,234.3628387451172,0.0,11.219999,-29.939999,-4.74,-156.53537,0,0,0,-86,-89,0,0,0,0,0,0,17,0,0
24.7895463,120.9943333,10.210000038146973,234.3628387451172,0.0,28.8,-25.8,7.08,-155.2147,0,0,0,-86,-89,0,0,0,0,0,0,17,0,0
24.7895463,120.9943333,10.210000038146973,234.3628387451172,0.0,30.96,-21.66,2.52,-125.84729,0,0,0,-86,-89,0,0,0,0,0,0,17,0,0
24.789539,120.9943229,10.166000366210938,234.00277709960938,0.0,22.439999,-26.099998,-1.56,-79.39052,0,0,0,-86,-89,0,0,0,0,0,0,17,0,0
24.789539,120.9943229,10.166000366210938,234.00277709960938,0.0,18.42,-28.32,2.1599998,-148.62085,0,0,0,-86,-89,0,0,0,0,0,0,17,0,0
24.789539,120.9943229,10.166000366210938,234.00277709960938,0.0,32.52,-19.68,3.48,-166.2645,0,0,0,-86,-89,0,0,0,0,0,0,17,0,0
24.789539,120.9943229,10.166000366210938,234.00277709960938,0.0,26.22,-23.699999,0.12,-130.1861,0,0,0,-86,-89,0,0,0,0,0,0,17,0,0
24.7895319,120.994313,10.140999794006348,233.462158203125,0.0,22.68,-25.92,2.1,-157.28894,0,0,0,-86,-89,0,0,0,0,0,0,17,0,0
24.7895236,120.9943032,10.085000038146973,232.53829956054688,0.0,35.28,-14.82,17.88,-115.54313,0,0,0,-86,-89,0,0,0,0,0,0,17,0,0
24.7895236,120.9943032,10.085000038146973,232.53829956054688,0.0,38.94,-12.78,12.36,-114.900696,0,0,0,-86,-89,0,0,0,0,0,0,17,0,0
24.7895236,120.9943032,10.085000038146973,232.53829956054688,0.0,21.779999,-26.46,6.3599997,-145.76723,0,0,0,-86,-89,0,0,0,0,0,0,17,0,0
24.7895236,120.9943032,10.085000038146973,232.53829956054688,0.0,12.599999,-28.8,-3.72,-152.25331,0,0,0,-86,-89,0,0,0,0,0,0,17,0,0
24.7895236,120.9943032,10.085000038146973,232.53829956054688,0.0,27.66,-21.18,13.0199995,178.07173,0,0,0,-86,-89,0,0,0,0,0,0,17,0,0
24.7895145,120.9942933,10.147000312805176,231.83352661132812,0.0,32.76,-18.9,4.2,-109.715416,0,0,0,-86,-89,0,0,0,0,0,0,17,0,0
24.7895145,120.9942933,10.147000312805176,231.83352661132812,0.0,22.859999,-24.84,-3.48,-155.42696,0,0,0,-86,-89,0,0,0,0,0,0,17,0,0
24.7895145,120.9942933,10.147000312805176,231.83352661132812,0.0,22.02,-25.32,-1.74,-136.076,0,0,0,-86,-89,0,0,0,0,0,0,17,0,0
24.789507,120.9942843,10.097999572753906,230.84429931640625,0.0,35.1,-16.08,11.34,171.3462,0,0,0,-86,-89,0,0,0,0,0,0,17,0,0
24.789507,120.9942843,10.097999572753906,230.84429931640625,0.0,28.56,-21.96,8.22,-125.25954,0,0,0,-86,-89,0,0,0,0,0,0,17,0,0
24.7894997,120.9942766,10.02299976348877,229.5902862548828,0.0,21.3,-25.98,-2.58,179.75911,0,0,0,-86,-89,0,0,0,0,0,0,17,0,0
24.7894997,120.9942766,10.02299976348877,229.5902862548828,0.0,17.94,-28.019999,4.2,-146.63731,0,0,0,-86,-89,0,0,0,0,0,0,17,0,0
24.7894997,120.9942766,10.02299976348877,229.5902862548828,0.0,35.219997,-17.16,9.059999,161.87323,0,0,0,-86,-89,0,0,0,0,0,0,17,0,0
24.7894909,120.9942704,10.012999534606934,226.41554260253906,0.0,29.279999,-23.279999,1.38,-123.496895,0,0,0,-86,-89,0,0,0,0,0,0,17,0,0
24.7894909,120.9942704,10.012999534606934,226.41554260253906,0.0,19.08,-27.779999,-3.3,-152.88533,0,0,0,-86,-89,0,0,0,0,0,0,17,0,0
24.7894809,120.9942624,10.027000427246094,224.87692260742188,0.0,28.14,-25.08,8.16,-139.92314,0,0,0,-86,-89,0,0,0,0,0,0,17,0,0
24.7894809,120.9942624,10.027000427246094,224.87692260742188,0.0,39.48,-14.04,12.3,-123.74046,0,0,0,-86,-89,0,0,0,0,0,0,17,0,0
24.7894809,120.9942624,10.027000427246094,224.87692260742188,0.0,28.5,-21.9,-1.74,-121.7443,0,0,0,-86,-89,0,0,0,0,0,0,17,0,0
24.7894809,120.9942624,10.027000427246094,224.87692260742188,0.0,21.3,-26.64,-5.8799996,-137.7437,0,0,0,-86,-89,0,0,0,0,0,0,17,0,0
24.7894002,120.9942179,10.279000282287598,211.6106414794922,0.0,24.42,-26.519999,-2.82,-145.62366,0,0,-93,0,-89,0,0,0,0,0,0,17,0,0
24.7893867,120.9942116,10.29699993133545,210.16262817382812,0.0,15.9,-26.699999,-10.98,-142.13358,0,0,-93,0,-89,0,0,0,0,0,0,17,0,0
24.7893867,120.9942116,10.29699993133545,210.16262817382812,0.0,-0.29999998,-29.4,-11.82,-178.73857,0,0,-93,0,-89,0,0,0,0,0,0,17,0,0
24.7893867,120.9942116,10.29699993133545,210.16262817382812,0.0,17.46,-26.16,15.719999,-164.36763,0,0,-93,0,-89,0,0,0,0,0,0,17,0,0
24.7893867,120.9942116,10.29699993133545,210.16262817382812,0.0,17.1,-28.56,0.0,-151.96704,0,0,-93,0,-89,0,0,0,0,0,0,17,0,0
24.7893728,120.9942055,10.25,208.183349609375,0.0,2.52,-28.859999,-13.62,-146.3338,0,0,-93,0,-89,0,0,0,0,0,0,17,0,0
24.7893612,120.9941992,10.180000305175781,207.39634704589844,0.0,-0.84,-30.539999,-5.7599998,175.95103,0,0,-93,0,-89,0,0,0,0,0,0,17,0,0
24.7893612,120.9941992,10.180000305175781,207.39634704589844,0.0,7.74,-29.76,-12.54,175.88182,0,0,-93,0,-89,0,0,0,0,0,0,17,0,0
24.7893612,120.9941992,10.180000305175781,207.39634704589844,0.0,0.53999996,-26.64,-17.279999,-173.75827,0,0,-93,0,-89,0,0,0,0,0,0,17,0,0
24.7893612,120.9941992,10.180000305175781,207.39634704589844,0.0,0.84,-27.24,-15.839999,-159.27634,0,0,-93,0,-89,0,0,0,0,0,0,17,0,0
24.7893479,120.9941941,10.151000022888184,205.03472900390625,0.0,9.9,-31.38,6.12,-173.2822,0,0,-93,0,-89,0,0,0,0,0,0,17,0,0
24.7893479,120.9941941,10.151000022888184,205.03472900390625,0.0,13.559999,-29.34,0.78,-160.18233,0,0,-93,0,-89,0,0,0,0,0,0,17,0,0
24.7893479,120.9941941,10.151000022888184,205.03472900390625,0.0,1.5,-29.519999,-11.7,-145.7176,0,0,-93,0,-89,0,0,0,0,0,0,17,0,0
24.7893479,120.9941941,10.151000022888184,205.03472900390625,0.0,-4.8599997,-30.179998,-5.94,168.74794,0,0,-93,0,-89,0,0,0,0,0,0,17,0,0
24.7893333,120.99419,10.083000183105469,203.43966674804688,0.0,13.259999,-28.68,14.099999,-164.1586,0,0,-93,0,-89,0,0,0,0,0,0,17,0,0
24.7893333,120.99419,10.083000183105469,203.43966674804688,0.0,10.559999,-29.76,6.3599997,-156.20206,0,0,-93,0,-89,0,0,0,0,0,0,17,0,0
24.7893199,120.9941858,10.095000267028809,202.6669921875,0.0,3.36,-29.88,-7.74,-161.17227,0,0,-93,0,-89,0,0,0,0,0,0,17,0,0
24.7893199,120.9941858,10.095000267028809,202.6669921875,0.0,5.7,-30.3,10.62,-160.07747,0,0,-93,0,-89,0,0,0,0,0,0,17,0,0
24.7893199,120.9941858,10.095000267028809,202.6669921875,0.0,17.88,-27.359999,9.0,-172.93532,0,0,-93,0,-89,0,0,0,0,0,0,17,0,0
24.7893039,120.9941828,10.119000434875488,200.81414794921875,0.0,9.3,-30.06,0.71999997,-155.32988,0,0,-93,0,-89,0,0,0,0,0,0,17,0,0
24.7893039,120.9941828,10.119000434875488,200.81414794921875,0.0,-0.78,-27.84,-7.7999997,-178.02565,0,0,-93,0,-89,0,0,0,0,0,0,17,0,0
24.7892908,120.994178,10.164999961853027,200.53170776367188,0.0,9.9,-27.9,14.58,-150.6912,0,0,-93,0,-89,0,0,0,0,0,0,17,0,0
24.7892908,120.994178,10.164999961853027,200.53170776367188,0.0,11.58,-27.599998,8.639999,-149.49623,0,0,-93,0,-89,0,0,0,0,0,0,17,0,0
24.7892908,120.994178,10.164999961853027,200.53170776367188,0.0,3.78,-28.8,-3.6599998,-168.44272,0,0,-93,0,-89,0,0,0,0,0,0,17,0,0
24.7892742,120.9941746,10.168000221252441,199.25442504882812,0.0,1.4399999,-30.0,3.54,-176.09839,0,0,-93,0,-89,0,0,0,0,0,0,17,0,0
24.7892742,120.9941746,10.168000221252441,199.25442504882812,0.0,16.44,-27.3,11.639999,-151.27794,0,0,-93,0,-89,0,0,0,0,0,0,17,0,0
24.7892742,120.9941746,10.168000221252441,199.25442504882812,0.0,11.639999,-29.039999,2.7,-153.95546,0,0,-93,0,-89,0,0,0,0,0,0,17,0,0
24.7892616,120.9941721,10.105999946594238,198.43077087402344,0.0,6.54,-28.98,-8.76,-154.42195,0,0,-93,0,-89,0,0,0,0,0,0,17,0,0
24.7892616,120.9941721,10.105999946594238,198.43077087402344,0.0,11.94,-28.619999,16.68,-147.57816,0,0,-93,0,-89,0,0,0,0,0,0,17,0,0
24.7892616,120.9941721,10.105999946594238,198.43077087402344,0.0,14.7,-29.099998,9.0,-150.412,0,0,-93,0,-89,0,0,0,0,0,0,17,0,0
24.7892616,120.9941721,10.105999946594238,198.43077087402344,0.0,6.6,-29.88,-8.76,13.849239,0,0,-93,0,-89,0,0,0,0,0,0,17,0,0
24.7892616,120.9941721,10.105999946594238,198.43077087402344,0.0,1.26,-28.92,-9.66,-171.36394,0,0,-93,0,-89,0,0,0,0,0,0,17,0,0
24.7892463,120.9941717,10.133999824523926,196.2303466796875,0.0,14.34,-28.019999,13.679999,-161.23198,0,0,0,0,-76,0,0,-67,0,0,0,17,0,0
24.7892463,120.9941717,10.133999824523926,196.2303466796875,0.0,14.219999,-28.26,5.22,-149.71944,0,0,0,0,-76,0,0,-67,0,0,0,17,0,0
24.7892319,120.9941706,10.164999961853027,194.53994750976562,0.0,5.7,-28.68,-7.08,-161.09232,0,0,0,0,-76,0,0,-67,0,0,0,17,0,0
24.7892183,120.9941695,10.182000160217285,193.48265075683594,0.0,3.0,-30.06,4.08,-171.37865,0,0,0,0,-76,0,0,-67,0,0,0,17,0,0
24.7892183,120.9941695,10.182000160217285,193.48265075683594,0.0,13.799999,-27.599998,9.84,-170.53078,0,0,0,0,-76,0,0,-67,0,0,0,17,0,0
24.7892183,120.9941695,10.182000160217285,193.48265075683594,0.0,9.48,-29.099998,-5.94,-157.62814,0,0,0,0,-76,0,0,-67,0,0,0,17,0,0
24.7892183,120.9941695,10.182000160217285,193.48265075683594,0.0,2.9399998,-28.019999,-13.139999,-167.73648,0,0,0,0,-76,0,0,-67,0,0,0,17,0,0
24.7892033,120.9941718,10.190999984741211,190.75393676757812,0.0,13.32,-29.099998,13.38,-157.15672,0,0,0,0,-76,0,0,-67,0,0,0,17,0,0
24.7892033,120.9941718,10.190999984741211,190.75393676757812,0.0,10.74,-30.24,3.36,-156.59927,0,0,0,0,-76,0,0,-67,0,0,0,17,0,0
24.7891915,120.9941718,10.229999542236328,189.813232421875,0.0,-0.9,-29.699999,-11.16,-156.38737,0,0,0,0,-76,0,0,-67,0,0,0,17,0,0
24.7891915,120.9941718,10.229999542236328,189.813232421875,0.0,-3.8999999,-31.74,1.62,173.72908,0,0,0,0,-76,0,0,-67,0,0,0,17,0,0
24.7891915,120.9941718,10.229999542236328,189.813232421875,0.0,4.8599997,-30.779999,6.66,-170.89458,0,0,0,0,-76,0,0,-67,0,0,0,17,0,0
24.7891915,120.9941718,10.229999542236328,189.813232421875,0.0,-3.3,-30.179998,-5.1,169.884,0,0,0,0,-76,0,0,-67,0,0,0,17,0,0
24.7891782,120.9941742,10.255000114440918,187.63275146484375,0.0,-2.82,-30.48,-7.14,174.24588,0,0,0,0,-76,0,0,-67,0,0,0,17,0,0
24.7891641,120.994173,10.152000427246094,187.2140655517578,0.0,7.62,-27.42,18.0,-147.5845,0,0,0,0,-76,0,0,-67,0,0,0,17,0,0
24.7891641,120.994173,10.152000427246094,187.2140655517578,0.0,5.8799996,-30.42,6.8999996,-162.89545,0,0,0,0,-76,0,0,-67,0,0,0,17,0,0
24.7891641,120.994173,10.152000427246094,187.2140655517578,0.0,5.94,-28.199999,-11.94,-139.23341,0,0,0,0,-76,0,0,-67,0,0,0,17,0,0
24.7891507,120.9941726,10.142000198364258,186.3919219970703,0.0,-2.52,-29.76,6.3599997,178.95674,0,0,0,0,-76,0,0,-67,0,0,0,17,0,0
24.7891507,120.9941726,10.142000198364258,186.3919219970703,0.0,8.16,-28.98,10.559999,-151.4965,0,0,0,0,-76,0,0,-67,0,0,0,17,0,0
24.7891507,120.9941726,10.142000198364258,186.3919219970703,0.0,0.65999997,-29.519999,-4.08,-178.77953,0,0,0,0,-76,0,0,-67,0,0,0,17,0,0
24.7891355,120.9941722,10.151000022888184,185.63238525390625,0.0,-4.74,-26.46,-14.82,-158.60094,0,0,0,0,-76,0,0,-67,0,0,0,17,0,0
24.7891355,120.9941722,10.151000022888184,185.63238525390625,0.0,5.52,-28.619999,10.74,-162.99854,0,0,0,0,-76,0,0,-67,0,0,0,17,0,0
24.7891355,120.9941722,10.151000022888184,185.63238525390625,0.0,12.66,-29.46,1.62,-158.49324,0,0,0,0,-76,0,0,-67,0,0,0,17,0,0
24.7891219,120.9941715,10.09000015258789,185.279541015625,0.0,10.08,-28.74,-10.8,-155.34409,0,0,0,0,-76,0,0,-67,0,0,0,17,0,0
24.7891219,120.9941715,10.09000015258789,185.279541015625,0.0,2.9399998,-30.96,-5.8199997,-175.74628,0,0,0,0,-76,0,0,-67,0,0,0,17,0,0
24.7891219,120.9941715,10.09000015258789,185.279541015625,0.0,14.639999,-31.08,8.34,179.45212,0,0,0,0,-69,0,0,-67,0,0,0,17,0,0
24.7891075,120.9941723,10.097000122070312,184.2038116455078,0.0,7.02,-32.399998,-3.9599998,-164.0392,0,0,0,0,-69,0,0,-67,0,0,0,17,0,0
24.7891075,120.9941723,10.097000122070312,184.2038116455078,0.0,0.71999997,-33.719997,-0.9,-178.17967,0,0,0,0,-69,0,0,-67,0,0,0,17,0,0
24.7891075,120.9941723,10.097000122070312,184.2038116455078,0.0,13.139999,-29.4,22.38,-137.6233,0,0,0,0,-69,0,0,-67,0,0,0,17,0,0
24.7890923,120.9941727,10.10099983215332,183.4093475341797,0.0,8.22,-31.14,17.64,-147.75577,0,0,0,0,-69,0,0,-67,0,0,0,17,0,0
24.7890923,120.9941727,10.10099983215332,183.4093475341797,0.0,0.0,-33.78,1.38,177.71686,0,0,0,0,-69,0,0,-67,0,0,0,17,0,0
24.7890923,120.9941727,10.10099983215332,183.4093475341797,0.0,6.72,-29.58,21.6,-149.45593,0,0,0,0,-69,0,0,-67,0,0,0,17,0,0
24.7890793,120.9941732,10.074000358581543,182.9748992919922,0.0,18.119999,-25.92,19.38,-146.46205,0,0,0,0,-69,0,0,-67,0,0,0,17,0,0
24.7890793,120.9941732,10.074000358581543,182.9748992919922,0.0,8.82,-31.38,2.6399999,-159.10745,0,0,0,0,-69,0,0,-67,0,0,0,17,0,0
24.7890793,120.9941732,10.074000358581543,182.9748992919922,0.0,2.8799999,-28.08,-14.16,-157.97969,0,0,0,0,-69,0,0,-67,0,0,0,17,0,0
24.789067,120.9941728,9.9399995803833,183.2034454345703,0.0,8.16,-30.24,13.139999,-154.27946,0,0,0,0,-69,0,0,-67,0,0,0,17,0,0
24.789067,120.9941728,9.9399995803833,183.2034454345703,0.0,12.96,-29.58,9.96,-151.09822,0,0,0,0,-69,0,0,-67,0,0,0,17,0,0
24.7890538,120.9941725,9.930000305175781,183.50096130371094,0.0,4.98,-30.42,-5.58,179.9371,0,0,0,0,-69,0,0,-67,0,0,0,17,0,0
24.7890538,120.9941725,9.930000305175781,183.50096130371094,0.0,-1.1999999,-30.24,-4.92,177.85313,0,0,-81,0,-80,0,0,0,0,0,0,17,0,0
24.7890538,120.9941725,9.930000305175781,183.50096130371094,0.0,12.96,-28.439999,14.82,-161.38849,0,0,-81,0,-80,0,0,0,0,0,0,17,0,0
24.7890538,120.9941725,9.930000305175781,183.50096130371094,0.0,11.58,-28.859999,6.54,-154.21892,0,0,-81,0,-80,0,0,0,0,0,0,17,0,0
24.7890396,120.9941716,9.95300006866455,183.4520721435547,0.0,1.62,-28.74,-9.059999,-156.7708,0,0,-81,0,-80,0,0,0,0,0,0,17,0,0
24.7890262,120.9941708,9.982000350952148,183.19369506835938,0.0,4.14,-29.279999,11.46,-160.59811,0,0,-81,0,-80,0,0,0,0,0,0,17,0,0
24.7890262,120.9941708,9.982000350952148,183.19369506835938,0.0,10.98,-28.56,11.5199995,-150.92065,0,0,-81,0,-80,0,0,0,0,0,0,17,0,0
24.7890262,120.9941708,9.982000350952148,183.19369506835938,0.0,2.58,-29.64,-3.12,178.8432,0,0,-81,0,-80,0,0,0,0,0,0,17,0,0
24.7890262,120.9941708,9.982000350952148,183.19369506835938,0.0,-1.38,-28.619999,-10.8,-174.92221,0,0,-81,0,-80,0,0,0,0,0,0,17,0,0
24.7890118,120.9941699,10.029999732971191,182.77789306640625,0.0,11.5199995,-29.88,0.9,-161.18657,0,0,-81,0,-80,0,0,0,0,0,0,17,0,0
24.7890118,120.9941699,10.029999732971191,182.77789306640625,0.0,10.26,-29.519999,-7.98,-166.15509,0,0,-81,0,-80,0,0,0,0,0,0,17,0,0
24.7889989,120.9941687,10.041999816894531,182.87388610839844,0.0,3.8999999,-26.699999,-17.58,-129.42097,0,0,-81,0,-80,0,0,0,0,0,0,17,0,0
24.7889989,120.9941687,10.041999816894531,182.87388610839844,0.0,1.62,-30.66,0.59999996,-176.81354,0,0,-81,0,-80,0,0,0,0,0,0,17,0,0
24.7889989,120.9941687,10.041999816894531,182.87388610839844,0.0,9.719999,-30.48,5.8199997,-172.46468,0,0,-81,0,-80,0,0,0,0,0,0,17,0,0
24.7889874,120.9941667,10.071999549865723,182.85997009277344,0.0,0.17999999,-29.16,-7.2,-143.06912,0,0,-81,0,-80,0,0,0,0,0,0,17,0,0
24.7889874,120.9941667,10.071999549865723,182.85997009277344,0.0,-3.06,-29.039999,-9.96,-179.63733,0,0,-81,0,-80,0,0,0,0,0,0,17,0,0
24.7889874,120.9941667,10.071999549865723,182.85997009277344,0.0,10.44,-28.74,11.58,-159.94893,0,0,-81,0,-80,0,0,0,0,0,0,17,0,0
24.7889754,120.9941651,10.133000373840332,182.37403869628906,0.0,7.3799996,-30.179998,-1.86,-168.86911,0,0,-81,0,-80,0,0,0,0,0,0,17,0,0
24.7889754,120.9941651,10.133000373840332,182.37403869628906,0.0,5.4,-26.519999,-15.9,-132.48094,0,0,-81,0,-80,0,0,0,0,0,0,17,0,0
24.7889614,120.9941646,10.125,182.39865112304688,0.0,-6.2999997,-28.98,-7.2599998,166.01694,0,0,-81,0,-80,0,0,0,0,0,0,17,0,0
24.7880709,120.994542,9.906999588012695,108.3276596069336,0.0,-26.099998,4.74,-31.26,84.491554,-92,0,-86,0,0,0,0,0,0,0,0,17,0,0
24.7880709,120.994542,9.906999588012695,108.3276596069336,0.0,-19.8,-3.6,-33.18,-148.7502,-92,0,-86,0,0,0,0,0,0,0,0,17,0,0
24.7880709,120.994542,9.906999588012695,108.3276596069336,0.0,-14.759999,5.7,-38.52,72.26119,-92,0,-86,0,0,0,0,0,0,0,0,17,0,0
24.7880705,120.9945548,9.928999900817871,106.78254699707031,0.0,-16.26,14.88,-39.719997,18.628048,-92,0,-86,0,0,0,0,0,0,0,0,17,0,0
24.7880705,120.9945548,9.928999900817871,106.78254699707031,0.0,-28.92,-10.92,-21.119999,152.81395,-92,0,-86,0,0,0,0,0,0,0,0,17,0,0
24.7880705,120.9945548,9.928999900817871,106.78254699707031,0.0,-23.699999,-5.8199997,-30.539999,100.59487,-92,0,-86,0,0,0,0,0,0,0,0,17,0,0
24.7880689,120.9945688,9.930000305175781,105.64454650878906,0.0,-4.38,13.799999,-41.52,-53.026108,-92,0,-86,0,0,0,0,0,0,0,0,17,0,0
24.7880689,120.9945688,9.930000305175781,105.64454650878906,0.0,-25.019999,4.98,-32.76,68.047356,-92,0,-86,0,0,0,0,0,0,0,0,17,0,0
24.7880689,120.9945688,9.930000305175781,105.64454650878906,0.0,-30.42,-8.22,-23.16,70.93537,-92,0,-86,0,0,0,0,0,0,0,0,17,0,0
24.7880692,120.9945846,9.968000411987305,104.00611114501953,0.0,-22.38,10.139999,-36.78,55.01347,-92,0,-86,0,0,0,0,0,0,0,0,17,0,0
24.7880692,120.9945846,9.968000411987305,104.00611114501953,0.0,-11.46,20.039999,-40.02,-33.24379,-92,0,-86,0,0,0,0,0,0,0,0,17,0,0
24.7880677,120.9946007,9.92300033569336,103.40253448486328,0.0,-24.72,-5.52,-30.0,107.59736,-92,0,-86,0,0,0,0,0,0,0,0,17,0,0
24.7880677,120.9946007,9.92300033569336,103.40253448486328,0.0,-28.56,-6.96,-25.68,101.41647,-92,0,-86,0,0,0,0,0,0,0,0,17,0,0
24.7880669,120.9946131,9.937000274658203,102.7098388671875,0.0,-23.519999,2.76,-33.84,98.87407,-92,0,-86,0,0,0,0,0,0,0,0,17,0,0
24.7880669,120.9946131,9.937000274658203,102.7098388671875,0.0,-19.32,14.94,-36.48,8.058363,-92,0,-86,0,0,0,0,0,0,0,0,17,0,0
24.7880669,120.9946131,9.937000274658203,102.7098388671875,0.0,-28.92,-13.92,-18.3,91.66827,-92,0,-86,0,0,0,0,0,0,0,0,17,0,0
24.7880686,120.9946279,9.89900016784668,101.16593170166016,0.0,-27.0,-4.74,-29.46,90.95012,-92,0,-86,0,0,0,0,0,0,0,0,17,0,0
24.7880686,120.9946279,9.89900016784668,101.16593170166016,0.0,-12.96,15.78,-39.18,-40.960884,-92,0,-86,0,0,0,0,0,0,0,0,17,0,0
24.7880689,120.9946427,9.855999946594238,100.40643310546875,0.0,-31.32,9.24,-27.18,56.04918,-92,0,-86,0,0,0,0,0,0,0,0,17,0,0
24.7880689,120.9946427,9.855999946594238,100.40643310546875,0.0,-35.219997,-11.16,-8.82,57.31265,-92,0,-86,0,0,0,0,0,0,0,0,17,0,0
24.7880689,120.9946427,9.855999946594238,100.40643310546875,0.0,-28.8,4.7999997,-30.84,58.65317,-92,0,-86,0,0,0,0,0,0,0,0,17,0,0
24.7880689,120.9946427,9.855999946594238,100.40643310546875,0.0,-15.54,20.88,-37.079998,-58.67384,-92,0,-86,0,0,0,0,0,0,0,0,17,0,0
24.7880717,120.9946612,9.800999641418457,98.40050506591797,0.0,-31.98,-5.52,-23.16,99.4065,-92,0,-86,0,0,0,0,0,0,0,0,17,0,0
24.7886445,120.9950725,10.081999778747559,1.2854394912719727,0.0,2.7,4.74,-42.899998,41.026974,-85,-88,0,0,0,0,0,0,0,0,0,17,0,0
24.7886445,120.9950725,10.081999778747559,1.2854394912719727,0.0,24.359999,39.54,-22.98,-19.803492,-85,-88,0,0,0,0,0,0,0,0,0,17,0,0
24.7886445,120.9950725,10.081999778747559,1.2854394912719727,0.0,39.54,33.0,-10.62,-49.97047,-85,-88,0,0,0,0,0,0,0,0,0,17,0,0
24.7886445,120.9950725,10.081999778747559,1.2854394912719727,0.0,7.7999997,8.58,-39.54,61.55873,-85,-88,0,0,0,0,0,0,0,0,0,17,0,0
24.7886445,120.9950725,10.081999778747559,1.2854394912719727,0.0,24.96,27.48,-28.08,11.740921,-85,-88,0,0,0,0,0,0,0,0,0,17,0,0
24.7886645,120.995071,9.99899959564209,1.1202166080474854,0.0,36.42,36.54,-4.7999997,-63.260876,-85,-88,0,0,0,0,0,0,0,0,0,17,0,0
24.7886645,120.995071,9.99899959564209,1.1202166080474854,0.0,15.299999,13.74,-36.66,94.29659,-85,-88,0,0,0,0,0,0,0,0,0,17,0,0
24.7886849,120.9950699,9.954000473022461,0.9783352613449097,0.0,7.44,16.859999,-38.16,77.23446,-85,-88,0,0,0,0,0,0,0,0,0,17,0,0
24.7886849,120.9950699,9.954000473022461,0.9783352613449097,0.0,31.619999,37.38,-13.62,-31.936192,-85,-88,0,0,0,0,0,0,0,0,0,17,0,0
24.7886849,120.9950699,9.954000473022461,0.9783352613449097,0.0,20.82,24.96,-32.399998,4.468934,-85,-88,0,0,0,0,0,0,0,0,0,17,0,0
24.7887053,120.9950688,10.005999565124512,0.6172620058059692,0.0,8.82,12.66,-38.579998,46.749954,-85,-88,0,0,0,0,0,0,0,0,0,17,0,0
24.7887053,120.9950688,10.005999565124512,0.6172620058059692,0.0,26.939999,44.399998,-10.26,-42.962975,-85,-88,0,0,0,0,0,0,0,0,0,17,0,0
24.7887053,120.9950688,10.005999565124512,0.6172620058059692,0.0,30.24,35.94,-18.66,-29.846138,-85,-88,0,0,0,0,0,0,0,0,0,17,0,0
24.7887257,120.9950676,9.994000434875488,0.34496039152145386,0.0,6.3599997,10.44,-40.559998,54.880924,-85,-88,0,0,0,0,0,0,0,0,0,17,0,0
24.7887257,120.9950676,9.994000434875488,0.34496039152145386,0.0,21.84,39.84,-23.279999,-18.881063,-85,-88,0,0,0,0,0,0,0,0,0,17,0,0
24.7887434,120.9950675,9.937999725341797,0.4245469868183136,0.0,35.94,35.46,-10.5,-45.986237,-85,-88,0,0,0,0,0,0,0,0,0,17,0,0
24.7887434,120.9950675,9.937999725341797,0.4245469868183136,0.0,10.98,12.599999,-38.94,70.23366,-85,-88,0,0,0,0,0,0,0,0,0,17,0,0
24.7887434,120.9950675,9.937999725341797,0.4245469868183136,0.0,19.5,32.64,-29.88,3.2309084,-85,-88,0,0,0,0,0,0,0,0,0,17,0,0
24.7887614,120.995067,9.892999649047852,0.6226956844329834,0.0,34.02,38.399998,-8.099999,-77.78817,-85,-88,0,0,0,0,0,0,0,0,0,17,0,0
24.7887614,120.995067,9.892999649047852,0.6226956844329834,0.0,13.5,13.259999,-37.8,87.25781,-85,-88,0,0,0,0,0,0,0,0,0,17,0,0
24.7887809,120.9950665,9.819000244140625,0.6686205863952637,0.0,10.08,18.359999,-38.64,75.239,-85,-88,0,0,0,0,0,0,0,0,0,17,0,0
24.7887809,120.9950665,9.819000244140625,0.6686205863952637,0.0,30.9,40.739998,-10.08,-43.077415,-85,-88,0,0,0,0,0,0,0,0,0,17,0,0
24.7887809,120.9950665,9.819000244140625,0.6686205863952637,0.0,22.26,30.24,-29.16,-10.177953,-85,-88,0,0,0,0,0,0,0,0,0,17,0,0
24.7887975,120.995066,9.838000297546387,0.6867608428001404,0.0,5.7599998,10.08,-39.78,44.965775,-85,-88,0,0,0,0,0,0,0,0,0,17,0,0
24.7887975,120.995066,9.838000297546387,0.6867608428001404,0.0,25.199999,43.98,-13.92,-49.981426,-85,-88,0,0,0,0,0,0,0,0,0,17,0,0
24.7887975,120.995066,9.838000297546387,0.6867608428001404,0.0,28.5,35.64,-20.699999,-34.14041,-85,-88,0,0,0,0,0,0,0,0,0,17,0,0
24.7888188,120.9950662,9.940999984741211,0.7772938013076782,0.0,2.28,9.3,-40.559998,53.718758,-85,-88,0,0,0,0,0,0,0,0,0,17,0,0
24.7888188,120.9950662,9.940999984741211,0.7772938013076782,0.0,18.9,42.36,-19.38,-19.722858,-85,-88,0,0,0,0,0,0,0,0,0,17,0,0
24.7888188,120.9950662,9.940999984741211,0.7772938013076782,0.0,34.079998,38.52,-8.28,-43.835636,-85,-88,0,0,0,0,0,0,0,0,0,17,0,0
24.7888392,120.9950672,9.977999687194824,0.9015663266181946,0.0,8.28,11.46,-39.899998,82.77601,-85,-88,0,0,0,0,0,0,0,0,0,17,0,0
24.7888392,120.9950672,9.977999687194824,0.9015663266181946,0.0,11.5199995,35.399998,-30.72,12.90589,-85,-88,0,0,0,0,0,0,0,0,0,17,0,0
24.7888392,120.9950672,9.977999687194824,0.9015663266181946,0.0,28.74,42.84,-11.16,-137.22165,-85,-88,0,0,0,0,0,0,0,0,0,17,0,0
24.7888392,120.9950672,9.977999687194824,0.9015663266181946,0.0,13.259999,10.08,-38.52,75.77571,-85,-88,0,0,0,0,0,0,0,0,0,17,0,0
24.7888576,120.9950678,9.982000350952148,0.9692935347557068,0.0,7.62,10.32,-39.84,88.42577,-85,-88,0,0,0,0,0,0,0,0,0,17,0,0
24.7888576,120.9950678,9.982000350952148,0.9692935347557068,0.0,25.68,43.079998,-13.139999,-46.520126,-85,-88,0,0,0,0,0,0,0,0,0,17,0,0
24.7888755,120.9950676,9.994000434875488,0.8644520044326782,0.0,28.68,38.76,-17.82,-27.748392,-85,-88,0,0,0,0,0,0,0,0,0,17,0,0
24.7888755,120.9950676,9.994000434875488,0.8644520044326782,0.0,14.4,14.94,-37.8,35.274914,-85,-88,0,0,0,0,0,0,0,0,0,17,0,0
24.7888755,120.9950676,9.994000434875488,0.8644520044326782,0.0,24.18,43.739998,-15.299999,-14.438547,-85,-88,0,0,0,0,0,0,0,0,0,17,0,0
24.7888923,120.9950681,10.055000305175781,0.926622211933136,0.0,33.42,41.219997,-2.1599998,-46.069584,-85,-88,0,0,0,0,0,0,0,0,0,17,0,0
24.7888923,120.9950681,10.055000305175781,0.926622211933136,0.0,18.06,16.199999,-37.92,107.28034,-85,-88,0,0,0,0,0,0,0,0,0,17,0,0
24.7888923,120.9950681,10.055000305175781,0.926622211933136,0.0,15.66,18.72,-37.68,65.25873,-85,-88,0,0,0,0,0,0,0,0,0,17,0,0
24.7889081,120.9950689,10.119000434875488,1.0249383449554443,0.0,34.739998,39.96,-3.6,-46.268055,-85,-88,0,0,0,0,0,0,0,0,0,17,0,0
24.7889081,120.9950689,10.119000434875488,1.0249383449554443,0.0,28.019999,28.5,-27.66,-7.030912,-85,-88,0,0,0,0,0,0,0,0,0,17,0,0
24.7889081,120.9950689,10.119000434875488,1.0249383449554443,0.0,11.5199995,12.059999,-39.84,29.639296,-85,-88,0,0,0,0,0,0,0,0,0,17,0,0
24.7889255,120.9950692,10.159000396728516,0.8522754907608032,0.0,23.519999,44.64,-16.26,-26.413887,-85,-88,0,0,0,0,0,0,0,0,0,17,0,0
24.7889255,120.9950692,10.159000396728516,0.8522754907608032,0.0,28.019999,42.12,-15.36,-33.285328,-85,-88,0,0,0,0,0,0,0,0,0,17,0,0
24.7889255,120.9950692,10.159000396728516,0.8522754907608032,0.0,6.72,14.04,-41.82,22.466753,-85,-88,0,0,0,0,0,0,0,0,0,17,0,0
24.7889255,120.9950692,10.159000396728516,0.8522754907608032,0.0,9.96,30.179998,-37.14,15.1066065,-84,-83,0,0,0,0,0,0,0,0,0,17,0,0
24.7889433,120.995069,10.178000450134277,0.7436619997024536,0.0,32.16,40.62,-12.599999,-102.25385,-84,-83,0,0,0,0,0,0,0,0,0,17,0,0
24.7889433,120.995069,10.178000450134277,0.7436619997024536,0.0,24.779999,14.34,-34.86,65.76872,-84,-83,0,0,0,0,0,0,0,0,0,17,0,0
24.7889594,120.9950693,10.187000274658203,0.9479917287826538,0.0,13.5,14.099999,-39.36,75.107765,-84,-83,0,0,0,0,0,0,0,0,0,17,0,0
24.7889594,120.9950693,10.187000274658203,0.9479917287826538,0.0,28.5,38.76,-19.14,-47.10038,-84,-83,0,0,0,0,0,0,0,0,0,17,0,0
24.7889594,120.9950693,10.187000274658203,0.9479917287826538,0.0,28.56,35.28,-21.3,-34.573833,-84,-83,0,0,0,0,0,0,0,0,0,17,0,0
24.7889736,120.99507,10.317000389099121,1.4363681077957153,0.0,8.7,12.3,-39.059998,74.873856,-84,-83,0,0,0,0,0,0,0,0,0,17,0,0
24.7889736,120.99507,10.317000389099121,1.4363681077957153,0.0,16.14,28.32,-34.14,9.544582,-84,-83,0,0,0,0,0,0,0,0,0,17,0,0
24.7889883,120.9950707,10.399999618530273,1.4594024419784546,0.0,33.36,34.14,-16.859999,-99.04332,-84,-83,0,0,0,0,0,0,0,0,0,17,0,0
24.7889883,120.9950707,10.399999618530273,1.4594024419784546,0.0,12.66,16.56,-38.1,67.121796,-84,-83,0,0,0,0,0,0,0,0,0,17,0,0
24.7889883,120.9950707,10.399999618530273,1.4594024419784546,0.0,14.58,25.439999,-35.52,24.069801,-84,-83,0,0,0,0,0,0,0,0,0,17,0,0
24.7890037,120.9950716,10.418999671936035,1.5854436159133911,0.0,31.019999,35.28,-18.66,-71.66845,-84,-83,0,0,0,0,0,0,0,0,0,17,0,0
24.7890037,120.9950716,10.418999671936035,1.5854436159133911,0.0,20.82,29.34,-31.679998,-24.263273,-84,-83,0,0,0,0,0,0,0,0,0,17,0,0
24.7890187,120.9950723,10.333999633789062,1.7907650470733643,0.0,4.5,14.7,-40.379997,55.51511,-86,-81,0,0,0,0,0,0,0,0,0,17,0,0
24.7890187,120.9950723,10.333999633789062,1.7907650470733643,0.0,19.92,36.18,-30.179998,-13.6498375,-86,-81,0,0,0,0,0,0,0,0,0,17,0,0
24.7890187,120.9950723,10.333999633789062,1.7907650470733643,0.0,33.719997,36.719997,-16.98,-47.731483,-86,-81,0,0,0,0,0,0,0,0,0,17,0,0
24.7890321,120.9950726,10.307999610900879,1.9510129690170288,0.0,8.04,10.559999,-42.3,102.00767,-86,-81,0,0,0,0,0,0,0,0,0,17,0,0
24.7890321,120.9950726,10.307999610900879,1.9510129690170288,0.0,15.839999,26.519999,-37.26,51.546284,-86,-81,0,0,0,0,0,0,0,0,0,17,0,0
24.7890321,120.9950726,10.307999610900879,1.9510129690170288,0.0,32.04,42.48,-12.48,-98.44139,-86,-81,0,0,0,0,0,0,0,0,0,17,0,0
24.7890321,120.9950726,10.307999610900879,1.9510129690170288,0.0,25.439999,28.32,-30.42,-30.361826,-86,-81,0,0,0,0,0,0,0,0,0,17,0,0
24.7890458,120.9950735,10.206000328063965,2.2213847637176514,0.0,5.2799997,6.2999997,-41.82,56.386177,-86,-81,0,0,0,0,0,0,0,0,0,17,0,0
24.7890458,120.9950735,10.206000328063965,2.2213847637176514,0.0,18.9,36.36,-29.279999,-6.583868,-86,-81,0,0,0,0,0,0,0,0,0,17,0,0
24.7890458,120.9950735,10.206000328063965,2.2213847637176514,0.0,34.92,35.52,-15.24,-50.891266,-86,-81,0,0,0,0,0,0,0,0,0,17,0,0
24.7890608,120.9950751,10.137999534606934,2.5181503295898438,0.0,13.5,8.4,-40.98,93.80718,-86,-81,0,0,0,0,0,0,0,0,0,17,0,0
24.7890608,120.9950751,10.137999534606934,2.5181503295898438,0.0,11.04,21.359999,-39.18,62.354683,-86,-81,0,0,0,0,0,0,0,0,0,17,0,0
24.7890736,120.9950759,10.062999725341797,2.6369998455047607,0.0,28.32,41.46,-16.44,-51.482494,-86,-81,0,0,0,0,0,0,0,0,0,17,0,0
24.7890736,120.9950759,10.062999725341797,2.6369998455047607,0.0,21.0,38.1,-28.08,-22.438251,-86,-81,0,0,0,0,0,0,0,0,0,17,0,0
24.7890736,120.9950759,10.062999725341797,2.6369998455047607,0.0,3.9599998,16.68,-40.68,71.61018,-86,-81,0,0,0,0,0,0,0,0,0,17,0,0
24.7890869,120.9950766,9.937999725341797,2.778430461883545,0.0,27.72,35.16,-24.06,-5.2727942,-86,-81,0,0,0,0,0,0,0,0,0,17,0,0
24.7890869,120.9950766,9.937999725341797,2.778430461883545,0.0,36.12,37.98,-9.78,-54.455994,-86,-81,0,0,0,0,0,0,0,0,0,17,0,0
24.7890992,120.9950772,9.956000328063965,2.7723445892333984,0.0,14.7,15.12,-40.26,80.86191,-86,-81,0,0,0,0,0,0,0,0,0,17,0,0
24.7890992,120.9950772,9.956000328063965,2.7723445892333984,0.0,8.5199995,16.5,-40.8,71.93735,-86,-81,0,0,0,0,0,0,0,0,0,17,0,0
24.7890992,120.9950772,9.956000328063965,2.7723445892333984,0.0,26.4,38.34,-23.699999,-58.765125,-86,-81,0,0,0,0,0,0,0,0,0,17,0,0
24.789113,120.9950777,9.890000343322754,2.4994237422943115,0.0,23.16,27.06,-32.88,-31.51172,-86,-81,0,0,0,0,0,0,0,0,0,17,0,0
24.789113,120.9950777,9.890000343322754,2.4994237422943115,0.0,4.02,7.7999997,-42.239998,86.53487,-86,-81,0,0,0,0,0,0,0,0,0,17,0,0
24.789113,120.9950777,9.890000343322754,2.4994237422943115,0.0,17.52,39.42,-30.06,-4.147955,-86,-81,0,0,0,0,0,0,0,0,0,17,0,0
24.7891253,120.9950777,9.911999702453613,2.147892713546753,0.0,29.039999,42.48,-16.199999,-41.694736,-86,-81,0,0,0,0,0,0,0,0,0,17,0,0
24.7891253,120.9950777,9.911999702453613,2.147892713546753,0.0,8.28,10.44,-41.46,87.192635,-86,-81,0,0,0,0,0,0,0,0,0,17,0,0
24.7891382,120.9950777,9.864999771118164,1.8485811948776245,0.0,6.24,18.119999,-40.379997,89.72508,-86,-81,0,0,0,0,0,0,0,0,0,17,0,0
24.7891382,120.9950777,9.864999771118164,1.8485811948776245,0.0,26.58,44.1,-12.54,-47.05505,-86,-81,0,0,0,0,0,0,0,0,0,17,0,0
24.7891382,120.9950777,9.864999771118164,1.8485811948776245,0.0,22.98,33.3,-27.9,-27.1519,-86,-81,0,0,0,0,0,0,0,0,0,17,0,0
24.7891382,120.9950777,9.864999771118164,1.8485811948776245,0.0,1.4399999,10.44,-41.52,54.184685,-86,-81,0,0,0,0,0,0,0,0,0,17,0,0
24.7891382,120.9950777,9.864999771118164,1.8485811948776245,0.0,15.36,32.219997,-32.82,-4.5979047,-86,-81,0,0,0,0,0,0,0,0,0,17,0,0
24.7891497,120.9950779,9.880999565124512,1.7258349657058716,0.0,33.84,36.84,-13.559999,-46.92975,-86,-81,0,0,0,0,0,0,0,0,0,17,0,0
24.7891497,120.9950779,9.880999565124512,1.7258349657058716,0.0,14.7,15.66,-37.68,94.4925,-86,-81,0,0,0,0,0,0,0,0,0,17,0,0
24.7891497,120.9950779,9.880999565124512,1.7258349657058716,0.0,15.059999,21.3,-37.44,39.59262,-86,-81,0,0,0,0,0,0,0,0,0,17,0,0
24.7891632,120.9950783,9.925999641418457,1.6935242414474487,0.0,31.019999,38.52,-14.219999,-52.113327,-86,-81,0,0,0,0,0,0,0,0,0,17,0,0
24.7891632,120.9950783,9.925999641418457,1.6935242414474487,0.0,20.279999,27.18,-33.48,1.8944201,-86,-81,0,0,0,0,0,0,0,0,0,17,0,0
24.7891772,120.9950787,10.03499984741211,1.5964159965515137,0.0,2.9399998,11.28,-42.66,37.555885,-86,-81,0,0,0,0,0,0,0,0,0,17,0,0
24.7891902,120.9950792,10.133999824523926,1.506202220916748,0.0,15.299999,39.12,-29.76,-8.267028,-86,-81,0,0,0,0,0,0,0,0,0,17,0,0
24.7891902,120.9950792,10.133999824523926,1.506202220916748,0.0,32.579998,39.239998,-13.98,-51.162685,-86,-81,0,0,0,0,0,0,0,0,0,17,0,0
24.7891902,120.9950792,10.133999824523926,1.506202220916748,0.0,13.86,18.6,-40.98,68.45217,-86,-81,0,0,0,0,0,0,0,0,0,17,0,0
24.7891902,120.9950792,10.133999824523926,1.506202220916748,0.0,11.219999,19.8,-41.46,81.71454,-86,-81,0,0,0,0,0,0,0,0,0,17,0,0
24.7892038,120.9950797,10.175000190734863,1.489025592803955,0.0,29.76,40.26,-18.359999,-45.110706,-86,-81,0,0,0,0,0,0,0,0,0,17,0,0
24.7892038,120.9950797,10.175000190734863,1.489025592803955,0.0,30.179998,33.719997,-24.359999,-38.177498,-86,-81,0,0,0,0,0,0,0,0,0,17,0,0
24.7892161,120.9950795,10.142999649047852,1.4964489936828613,0.0,7.3799996,16.56,-41.76,75.69706,-86,-81,0,0,0,0,0,0,0,0,0,17,0,0
24.7892161,120.9950795,10.142999649047852,1.4964489936828613,0.0,16.02,31.98,-35.04,-0.06458171,-86,-81,0,0,0,0,0,0,0,0,0,17,0,0
24.7892161,120.9950795,10.142999649047852,1.4964489936828613,0.0,32.579998,36.719997,-20.58,-48.62002,-86,-81,0,0,0,0,0,0,0,0,0,17,0,0
24.789229,120.9950789,10.038999557495117,1.4484455585479736,0.0,17.58,18.72,-39.42,27.409365,-86,-81,0,0,0,0,0,0,0,0,0,17,0,0
24.789229,120.9950789,10.038999557495117,1.4484455585479736,0.0,-1.92,16.8,-42.66,56.22904,-86,-81,0,0,0,0,0,0,0,0,0,17,0,0
24.7892417,120.9950791,9.949000358581543,1.4481208324432373,0.0,11.94,33.66,-34.86,-40.795166,-86,-81,0,0,0,0,0,0,0,0,0,17,0,0
24.7892417,120.9950791,9.949000358581543,1.4481208324432373,0.0,23.88,31.56,-31.199999,-46.05205,-86,-81,0,0,0,0,0,0,0,0,0,17,0,0
24.7892417,120.9950791,9.949000358581543,1.4481208324432373,0.0,1.92,11.82,-43.26,67.964676,-86,-81,0,0,0,0,0,0,0,0,0,17,0,0
24.7892542,120.9950801,9.961999893188477,1.6383674144744873,0.0,8.22,27.96,-38.399998,21.19179,-86,-81,0,0,0,0,0,0,0,0,0,17,0,0
24.7892542,120.9950801,9.961999893188477,1.6383674144744873,0.0,29.039999,39.36,-19.92,-57.259106,-89,-84,0,0,0,0,0,0,0,0,0,17,0,0
24.7892542,120.9950801,9.961999893188477,1.6383674144744873,0.0,22.8,29.88,-31.08,-23.982286,-89,-84,0,0,0,0,0,0,0,0,0,17,0,0
24.7892668,120.9950808,9.970999717712402,1.7918834686279297,0.0,1.5,15.719999,-41.82,52.08773,-89,-84,0,0,0,0,0,0,0,0,0,17,0,0
24.7892668,120.9950808,9.970999717712402,1.7918834686279297,0.0,15.48,31.5,-33.42,-9.314387,-89,-84,0,0,0,0,0,0,0,0,0,17,0,0
24.7892806,120.9950813,9.937000274658203,1.9423749446868896,0.0,30.3,33.84,-22.5,-65.27239,-89,-84,0,0,0,0,0,0,0,0,0,17,0,0
24.7892806,120.9950813,9.937000274658203,1.9423749446868896,0.0,12.84,18.66,-39.18,59.481644,-89,-84,0,0,0,0,0,0,0,0,0,17,0,0
24.7892806,120.9950813,9.937000274658203,1.9423749446868896,0.0,10.139999,17.64,-39.0,69.875755,-89,-84,0,0,0,0,0,0,0,0,0,17,0,0
24.7892945,120.9950818,9.866999626159668,1.9118059873580933,0.0,24.72,38.52,-22.32,-26.78972,-89,-84,0,0,0,0,0,0,0,0,0,17,0,0
24.7892945,120.9950818,9.866999626159668,1.9118059873580933,0.0,30.779999,34.14,-22.439999,-42.194897,-89,-84,0,0,0,0,0,0,0,0,0,17,0,0
24.7892945,120.9950818,9.866999626159668,1.9118059873580933,0.0,9.9,13.38,-41.1,73.419846,-89,-84,0,0,0,0,0,0,0,0,0,17,0,0
24.7892945,120.9950818,9.866999626159668,1.9118059873580933,0.0,13.98,26.16,-36.6,12.447509,-89,-84,0,0,0,0,0,0,0,0,0,17,0,0
24.7893086,120.9950803,9.567999839782715,1.252064824104309,0.0,34.62,35.76,-17.1,-95.35071,-89,-84,0,0,0,0,0,0,0,0,0,17,0,0
24.7893086,120.9950803,9.567999839782715,1.252064824104309,0.0,28.56,23.22,-31.199999,-32.22375,-89,-84,0,0,0,0,0,0,0,0,0,17,0,0
24.7893086,120.9950803,9.567999839782715,1.252064824104309,0.0,8.5199995,13.5,-40.86,62.72904,-89,-89,0,0,0,0,0,0,0,0,0,17,0,0
24.7893216,120.9950778,9.076000213623047,0.43886011838912964,0.0,15.36,32.82,-33.54,-16.129932,-89,-89,0,0,0,0,0,0,0,0,0,17,0,0
24.7893216,120.9950778,9.076000213623047,0.43886011838912964,0.0,38.04,27.539999,-17.58,170.34848,-89,-89,0,0,0,0,0,0,0,0,0,17,0,0
24.7893351,120.995076,8.961999893188477,359.7196960449219,0.0,27.599998,17.279999,-32.52,13.486726,-89,-89,0,0,0,0,0,0,0,0,0,17,0,0
24.7893351,120.995076,8.961999893188477,359.7196960449219,0.0,21.06,15.96,-36.96,82.59781,-89,-89,0,0,0,0,0,0,0,0,0,17,0,0
24.7893351,120.995076,8.961999893188477,359.7196960449219,0.0,34.739998,36.0,-16.38,-38.296207,-89,-89,0,0,0,0,0,0,0,0,0,17,0,0
24.7893487,120.9950744,8.996999740600586,358.99261474609375,0.0,38.52,30.779999,-14.759999,-54.12366,-89,-89,0,0,0,0,0,0,0,0,0,17,0,0
24.7893487,120.9950744,8.996999740600586,358.99261474609375,0.0,19.92,11.58,-37.26,83.49155,-89,-89,0,0,0,0,0,0,0,0,0,17,0,0
24.7893487,120.9950744,8.996999740600586,358.99261474609375,0.0,27.06,23.16,-32.88,12.213777,-89,-89,0,0,0,0,0,0,0,0,0,17,0,0
24.7893611,120.9950726,9.050999641418457,358.1230773925781,0.0,40.2,33.239998,-9.48,-87.47554,-89,-89,0,0,0,0,0,0,0,0,0,17,0,0
24.7893611,120.9950726,9.050999641418457,358.1230773925781,0.0,37.8,27.9,-19.56,-44.66102,-89,-89,0,0,0,0,0,0,0,0,0,17,0,0
24.7893611,120.9950726,9.050999641418457,358.1230773925781,0.0,23.82,13.679999,-35.219997,89.26329,-89,-89,0,0,0,0,0,0,0,0,0,17,0,0
24.7893611,120.9950726,9.050999641418457,358.1230773925781,0.0,29.039999,24.72,-28.8,7.633042,-89,-89,0,0,0,0,0,0,0,0,0,17,0,0
24.789373,120.9950696,9.156999588012695,356.62255859375,0.0,44.219997,28.8,-3.9599998,-59.447773,0,-82,0,0,0,0,0,0,-65,0,0,17,0,0
24.789386,120.9950671,9.173999786376953,355.92926025390625,0.0,36.48,22.26,-23.76,-44.3184,0,-82,0,0,0,0,0,0,-65,0,0,17,0,0
24.789386,120.9950671,9.173999786376953,355.92926025390625,0.0,23.22,17.279999,-35.52,79.2958,0,-82,0,0,0,0,0,0,-65,0,0,17,0,0
24.789386,120.9950671,9.173999786376953,355.92926025390625,0.0,33.36,32.399998,-19.619999,-32.443756,0,-82,0,0,0,0,0,0,-65,0,0,17,0,0
24.789386,120.9950671,9.173999786376953,355.92926025390625,0.0,41.76,27.66,-10.38,-80.924194,0,-82,0,0,0,0,0,0,-65,0,0,17,0,0
24.7893972,120.9950616,9.234999656677246,353.8109436035156,0.0,24.18,15.9,-36.0,27.813587,0,-82,0,0,0,0,0,0,-65,0,0,17,0,0
24.7893972,120.9950616,9.234999656677246,353.8109436035156,0.0,17.699999,19.38,-37.92,67.31647,0,-82,0,0,0,0,0,0,-65,0,0,17,0,0
24.7894097,120.995058,9.269000053405762,352.8714599609375,0.0,34.739998,29.88,-20.4,-55.06034,0,-82,0,0,0,0,0,0,-65,0,0,17,0,0
24.7894097,120.995058,9.269000053405762,352.8714599609375,0.0,39.899998,22.68,-17.4,-66.46649,0,-82,0,0,0,0,0,0,-65,0,0,17,0,0
24.7894097,120.995058,9.269000053405762,352.8714599609375,0.0,20.279999,13.32,-37.559998,80.866615,0,-82,0,0,0,0,0,0,-65,0,0,17,0,0
24.7894097,120.995058,9.269000053405762,352.8714599609375,0.0,29.699999,26.039999,-27.18,-4.1940966,0,-82,0,0,0,0,0,0,-65,0,0,17,0,0
24.7894213,120.9950508,9.699000358581543,350.2755432128906,0.0,44.16,27.66,-4.14,-87.757,0,-82,0,0,0,0,0,0,-65,0,0,17,0,0
24.7894334,120.9950461,10.107999801635742,349.3415222167969,0.0,40.02,18.3,-20.16,-51.503735,0,-82,0,0,0,0,0,0,-65,0,0,17,0,0
24.7894334,120.9950461,10.107999801635742,349.3415222167969,0.0,24.359999,16.199999,-34.44,59.77324,0,-82,0,0,0,0,0,0,-65,0,0,17,0,0
24.7894334,120.9950461,10.107999801635742,349.3415222167969,0.0,31.619999,26.939999,-25.019999,-22.95901,0,-82,0,0,0,0,0,0,-65,0,0,17,0,0
24.7894334,120.9950461,10.107999801635742,349.3415222167969,0.0,38.64,30.72,-14.46,-50.805927,0,-82,0,0,0,0,0,0,-65,0,0,17,0,0
24.7894451,120.9950375,10.211000442504883,346.7277526855469,0.0,29.82,9.9,-30.96,71.251854,0,-82,0,0,0,0,0,0,-65,0,0,17,0,0
24.7894451,120.9950375,10.211000442504883,346.7277526855469,0.0,23.039999,16.859999,-36.12,7.863438,0,-82,0,0,0,0,0,0,-65,0,0,17,0,0
24.7894577,120.9950315,10.265999794006348,345.7423095703125,0.0,35.82,24.84,-23.039999,170.49745,0,-82,0,0,0,0,0,0,-65,0,0,17,0,0
24.7894577,120.9950315,10.265999794006348,345.7423095703125,0.0,37.62,16.74,-22.619999,-67.05971,0,-82,0,0,0,0,0,0,-65,0,0,17,0,0
24.7894577,120.9950315,10.265999794006348,345.7423095703125,0.0,22.02,5.46,-35.399998,90.38721,0,-82,0,0,0,0,0,0,-65,0,0,17,0,0
24.7894577,120.9950315,10.265999794006348,345.7423095703125,0.0,35.219997,22.8,-24.72,-24.321066,0,-82,0,0,0,0,0,0,-65,0,0,17,0,0
24.7894691,120.9950222,10.284000396728516,343.6210632324219,0.0,44.7,24.06,-5.7,-145.908,0,-82,0,0,0,0,0,0,-65,0,0,17,0,0
24.7894814,120.9950161,10.218999862670898,343.2322692871094,0.0,34.5,14.58,-26.279999,-55.029743,0,-82,0,0,0,0,0,0,-65,0,0,17,0,0
24.7894814,120.9950161,10.218999862670898,343.2322692871094,0.0,25.26,14.04,-33.899998,72.26635,0,-82,0,0,0,0,0,0,-65,0,0,17,0,0
24.7894814,120.9950161,10.218999862670898,343.2322692871094,0.0,41.64,22.619999,-13.74,-59.1682,0,-82,0,0,0,0,0,0,-65,0,0,17,0,0
24.7894814,120.9950161,10.218999862670898,343.2322692871094,0.0,44.94,17.22,-9.179999,-138.80522,0,-82,0,0,0,0,0,0,-65,0,0,17,0,0
24.7894914,120.9950076,10.206000328063965,341.3043212890625,0.0,32.219997,12.0,-28.08,89.18954,0,-82,0,0,0,0,0,0,-65,0,0,17,0,0
24.7894914,120.9950076,10.206000328063965,341.3043212890625,0.0,39.059998,22.5,-17.58,-42.603764,0,-82,0,0,0,0,0,0,-65,0,0,17,0,0
24.7895024,120.9950004,10.232999801635742,339.40277099609375,0.0,46.8,19.32,-0.29999998,-131.99727,0,-82,0,0,0,0,0,0,-65,0,0,17,0,0
24.7895024,120.9950004,10.232999801635742,339.40277099609375,0.0,41.579998,14.04,-15.78,-62.32269,0,-82,0,0,0,0,0,0,-65,0,0,17,0,0
24.7895024,120.9950004,10.232999801635742,339.40277099609375,0.0,37.739998,17.88,-22.74,109.30364,0,-82,0,0,0,0,0,0,-65,0,0,17,0,0
24.789514,120.9949932,10.295999526977539,337.7186584472656,0.0,44.34,21.96,-7.56,-63.02728,0,-82,0,0,0,0,0,0,-65,0,0,17,0,0
24.789514,120.9949932,10.295999526977539,337.7186584472656,0.0,45.12,15.059999,-6.48,-142.45386,0,-82,0,0,0,0,0,0,-65,0,0,17,0,0
24.789514,120.9949932,10.295999526977539,337.7186584472656,0.0,35.88,12.179999,-22.56,13.780635,0,-82,0,0,0,0,0,0,-65,0,0,17,0,0
24.789514,120.9949932,10.295999526977539,337.7186584472656,0.0,35.579998,17.279999,-22.32,-44.540955,0,-82,0,0,0,0,0,0,-65,0,0,17,0,0
24.789514,120.9949932,10.295999526977539,337.7186584472656,0.0,43.92,15.36,-8.82,-155.79869,0,-82,0,0,0,0,0,0,-65,0,0,17,0,0
24.789514,120.9949932,10.295999526977539,337.7186584472656,0.0,38.52,13.62,-19.439999,-69.99859,0,-82,0,0,0,0,0,0,-65,0,0,17,0,0
24.7895327,120.9949802,10.074999809265137,326.9241638183594,0.0,33.66,16.08,-25.26,82.048416,0,-82,0,0,0,0,0,0,-65,0,0,17,0,0
24.7895327,120.9949802,10.074999809265137,326.9241638183594,0.0,40.2,28.56,-9.3,-48.287476,0,-82,0,0,0,0,0,0,-65,0,0,17,0,0
24.7895327,120.9949802,10.074999809265137,326.9241638183594,0.0,45.3,21.06,5.7,-175.3686,0,-82,0,0,0,0,0,0,-65,0,0,17,0,0
24.7895374,120.9949689,10.093000411987305,323.6881408691406,0.0,42.059998,15.059999,-13.98,-67.967926,0,-82,0,0,0,0,0,0,-65,0,0,17,0,0
24.7895374,120.9949689,10.093000411987305,323.6881408691406,0.0,39.96,24.42,-15.42,66.05834,0,-82,0,0,0,0,0,0,-65,0,0,17,0,0
24.7895449,120.9949584,10.031000137329102,322.4187316894531,0.0,46.02,22.439999,0.06,-62.87781,0,-82,0,0,0,0,0,0,-65,0,0,17,0,0
24.7895449,120.9949584,10.031000137329102,322.4187316894531,0.0,46.739998,14.28,-3.0,-84.70732,0,-82,0,0,0,0,0,0,-65,0,0,17,0,0
24.7895449,120.9949584,10.031000137329102,322.4187316894531,0.0,39.18,16.14,-19.92,29.239641,0,-82,0,0,0,0,0,0,-65,0,0,17,0,0
24.7895449,120.9949584,10.031000137329102,322.4187316894531,0.0,41.399998,19.859999,-15.42,-48.742363,0,-82,0,0,0,0,0,0,-65,0,0,17,0,0
24.789551,120.9949471,10.022000312805176,319.2976989746094,0.0,46.559998,13.559999,0.42,162.12854,0,-82,0,0,0,0,0,0,-65,0,0,17,0,0
24.789551,120.9949471,10.022000312805176,319.2976989746094,0.0,45.66,10.559999,-7.62,-75.0153,0,-82,0,0,0,0,0,0,-65,0,0,17,0,0
24.7895575,120.9949348,9.98900032043457,312.81378173828125,0.0,42.84,18.6,-15.839999,77.05276,0,-82,0,0,0,0,0,0,-65,0,0,17,0,0
24.7895575,120.9949348,9.98900032043457,312.81378173828125,0.0,48.6,19.02,-0.96,-63.187153,0,-82,0,0,0,0,0,0,-65,0,0,17,0,0
24.7895575,120.9949348,9.98900032043457,312.81378173828125,0.0,48.84,14.58,2.22,-154.08759,0,-82,0,0,0,0,0,0,-65,0,0,17,0,0
24.7895622,120.9949219,9.977999687194824,307.9808654785156,0.0,45.78,20.1,-11.28,-47.600044,0,-82,0,0,0,0,0,0,-65,0,0,17,0,0
24.7895622,120.9949219,9.977999687194824,307.9808654785156,0.0,42.0,25.38,-16.199999,77.27574,0,-82,0,0,0,0,0,0,-65,0,0,17,0,0
24.7895666,120.9949096,10.024999618530273,307.23516845703125,0.0,46.98,24.84,-2.7,-61.44884,0,-82,0,0,0,0,0,0,-65,0,0,17,0,0
24.7895666,120.9949096,10.024999618530273,307.23516845703125,0.0,47.28,22.199999,-6.8999996,-90.32488,0,-82,0,0,0,0,0,0,-65,0,0,17,0,0
24.7895666,120.9949096,10.024999618530273,307.23516845703125,0.0,38.46,16.02,-25.26,167.50366,0,-82,0,0,0,0,0,0,-65,0,0,17,0,0
24.7895666,120.9949096,10.024999618530273,307.23516845703125,0.0,34.8,20.4,-29.099998,49.738445,0,-82,0,0,0,0,0,0,-65,0,0,17,0,0
24.7895707,120.9948996,10.057999610900879,308.13421630859375,0.0,47.28,19.68,-8.4,-77.28199,0,-82,0,0,0,0,0,0,-65,0,0,17,0,0
24.7895707,120.9948996,10.057999610900879,308.13421630859375,0.0,48.3,10.139999,-12.24,-88.64959,0,-82,0,0,0,0,0,0,-65,0,0,17,0,0
24.7895753,120.994892,10.041999816894531,310.5891418457031,0.0,40.079998,7.74,-24.96,105.960594,0,-82,0,0,0,0,0,0,-65,0,0,17,0,0
24.7895753,120.994892,10.041999816894531,310.5891418457031,0.0,46.5,13.259999,-14.94,-64.167854,0,-82,0,0,0,0,0,0,-65,0,0,17,0,0
24.7895753,120.994892,10.041999816894531,310.5891418457031,0.0,51.84,8.16,0.9,-115.65987,0,-82,0,0,0,0,0,0,-65,0,0,17,0,0
24.7895808,120.9948856,9.97599983215332,313.22998046875,0.0,49.26,7.02,-11.46,-81.70675,0,-82,0,0,0,0,0,0,-65,0,0,17,0,0
24.7895808,120.9948856,9.97599983215332,313.22998046875,0.0,44.94,11.58,-17.58,95.16664,0,-82,0,0,0,0,0,0,-65,0,0,17,0,0
24.789586,120.9948742,9.888999938964844,302.35784912109375,0.0,48.78,7.98,-8.639999,-79.484795,0,-82,0,0,0,0,0,0,-65,0,0,17,0,0
24.789586,120.9948742,9.888999938964844,302.35784912109375,0.0,50.219997,1.92,-1.02,-148.7531,0,-82,0,0,0,0,0,0,-65,0,0,17,0,0
24.789586,120.9948742,9.888999938964844,302.35784912109375,0.0,43.86,10.86,-17.64,159.60312,0,-82,0,0,0,0,0,0,-65,0,0,17,0,0
24.7895885,120.9948629,9.883999824523926,301.4778747558594,0.0,45.239998,10.5,-15.12,-63.003845,0,-82,0,0,0,0,0,0,-65,0,0,17,0,0
24.7895885,120.9948629,9.883999824523926,301.4778747558594,0.0,49.079998,5.58,-3.1799998,-135.93494,0,-82,0,0,0,0,0,0,-65,0,0,17,0,0
24.7895885,120.9948629,9.883999824523926,301.4778747558594,0.0,46.68,8.04,-8.639999,-79.09575,0,-82,0,0,0,0,0,0,-65,0,0,17,0,0
24.7895885,120.9948629,9.883999824523926,301.4778747558594,0.0,37.32,15.599999,-25.32,106.76459,0,-82,0,0,0,0,0,0,-65,0,0,17,0,0
24.7895896,120.9948504,9.836999893188477,298.1787414550781,0.0,44.04,19.68,-13.98,-62.074425,0,-82,0,0,0,0,0,0,-65,0,0,17,0,0
24.7895896,120.9948504,9.836999893188477,298.1787414550781,0.0,48.84,8.46,-1.74,151.65723,0,-82,0,0,0,0,0,0,-65,0,0,17,0,0
24.7895938,120.9948383,9.913000106811523,296.0008544921875,0.0,40.379997,8.82,-21.779999,-57.720795,0,-82,0,0,0,0,0,0,-65,0,0,17,0,0
24.7895938,120.9948383,9.913000106811523,296.0008544921875,0.0,41.28,9.0,-20.699999,161.56662,0,-82,0,0,0,0,0,0,-65,0,0,17,0,0
24.7895938,120.9948383,9.913000106811523,296.0008544921875,0.0,46.739998,2.22,-8.94,-104.95489,0,-86,0,0,0,0,0,0,-75,0,0,17,0,0
24.7895938,120.9948383,9.913000106811523,296.0008544921875,0.0,43.86,-5.94,-10.38,-110.527054,0,-86,0,0,0,0,0,0,-75,0,0,17,0,0
24.7895985,120.9948268,9.923999786376953,299.8447265625,0.0,40.5,3.1799998,-21.24,114.99014,0,-86,0,0,0,0,0,0,-75,0,0,17,0,0
24.7895985,120.9948268,9.923999786376953,299.8447265625,0.0,47.219997,10.26,-12.42,-69.895164,0,-86,0,0,0,0,0,0,-75,0,0,17,0,0
24.7896025,120.9948168,9.925999641418457,297.6258239746094,0.0,48.78,3.6599998,-0.84,-162.6613,0,-86,0,0,0,0,0,0,-75,0,0,17,0,0
24.7896025,120.9948168,9.925999641418457,297.6258239746094,0.0,45.719997,1.8,-11.16,-85.65936,0,-86,0,0,0,0,0,0,-75,0,0,17,0,0
24.7896025,120.9948168,9.925999641418457,297.6258239746094,0.0,43.98,14.34,-15.36,99.52557,0,-86,0,0,0,0,0,0,-75,0,0,17,0,0
24.7896063,120.994805,9.885000228881836,292.7837829589844,0.0,48.12,18.96,5.52,-66.11109,0,-86,0,0,0,0,0,0,-75,0,0,17,0,0
24.7896063,120.994805,9.885000228881836,292.7837829589844,0.0,48.0,13.799999,7.02,120.4526,0,-86,0,0,0,0,0,0,-75,0,0,17,0,0
24.789611,120.9947922,10.015999794006348,296.78851318359375,0.0,42.36,8.94,-16.8,40.784138,0,-86,0,0,0,0,0,0,-75,0,0,17,0,0
24.789611,120.9947922,10.015999794006348,296.78851318359375,0.0,40.86,18.3,-17.64,109.78674,0,-86,0,0,0,0,0,0,-75,0,0,17,0,0
24.789611,120.9947922,10.015999794006348,296.78851318359375,0.0,48.0,14.58,1.26,-70.729805,0,-86,0,0,0,0,0,0,-75,0,0,17,0,0
24.789611,120.9947922,10.015999794006348,296.78851318359375,0.0,46.44,0.53999996,3.84,-95.69,0,-86,0,0,0,0,0,0,-75,0,0,17,0,0
24.7896172,120.9947802,10.14799976348877,301.1852111816406,0.0,45.12,7.98,-10.139999,117.14175,0,-86,0,0,0,0,0,0,-75,0,0,17,0,0
24.7896172,120.9947802,10.14799976348877,301.1852111816406,0.0,46.86,15.179999,-4.2599998,-70.4486,0,-86,0,0,0,0,0,0,-75,0,0,17,0,0
24.789623,120.9947696,10.16100025177002,300.2422790527344,0.0,47.879997,6.7799997,4.7999997,-134.74644,0,-86,0,0,0,0,0,0,-75,0,0,17,0,0
24.789623,120.9947696,10.16100025177002,300.2422790527344,0.0,40.2,2.82,-15.96,-88.2757,0,-86,0,0,0,0,0,0,-75,0,0,17,0,0
24.789623,120.9947696,10.16100025177002,300.2422790527344,0.0,37.86,11.46,-21.6,106.5507,0,-86,0,0,0,0,0,0,-75,0,0,17,0,0
24.7896281,120.994759,10.206000328063965,293.608642578125,0.0,44.04,12.96,-9.36,-64.387985,0,-86,0,0,0,0,0,0,-75,0,0,17,0,0
24.7896281,120.994759,10.206000328063965,293.608642578125,0.0,45.66,-0.12,0.84,-166.7956,0,-86,0,0,0,0,0,0,-75,0,0,17,0,0
24.7896307,120.9947484,10.184000015258789,290.7222595214844,0.0,41.52,2.04,-12.96,-106.28328,0,-86,0,0,0,0,0,0,-75,0,0,17,0,0
24.7896307,120.9947484,10.184000015258789,290.7222595214844,0.0,43.26,12.42,-13.259999,159.34343,0,-86,0,0,0,0,0,0,-75,0,0,17,0,0
24.7896307,120.9947484,10.184000015258789,290.7222595214844,0.0,46.98,9.78,5.4,-81.996826,0,-86,0,0,0,0,0,0,-75,0,0,17,0,0
24.7896325,120.9947392,10.072999954223633,289.8369445800781,0.0,43.559998,-0.24,-2.52,-91.07925,0,-86,0,0,0,0,0,0,-75,0,0,17,0,0
24.7896325,120.9947392,10.072999954223633,289.8369445800781,0.0,41.34,10.74,-15.0,130.5144,0,-86,0,0,0,0,0,0,-75,0,0,17,0,0
24.7896325,120.9947392,10.072999954223633,289.8369445800781,0.0,42.6,20.34,-9.719999,-55.112343,0,-86,0,0,0,0,0,0,-75,0,0,17,0,0
24.7896348,120.9947303,9.960000038146973,289.9786682128906,0.0,45.36,5.2799997,4.92,-146.56024,-77,0,0,0,0,0,0,0,-75,0,0,17,0,0
24.7896348,120.9947303,9.960000038146973,289.9786682128906,0.0,44.16,0.29999998,-4.92,-90.306465,-77,0,0,0,0,0,0,0,-75,0,0,17,0,0
24.7896348,120.9947303,9.960000038146973,289.9786682128906,0.0,42.48,11.4,-10.5,92.79381,-77,0,0,0,0,0,0,0,-75,0,0,17,0,0
24.7896385,120.9947172,9.836999893188477,289.260498046875,0.0,45.84,14.04,11.7,-67.87298,-77,0,0,0,0,0,0,0,-75,0,0,17,0,0
24.7896385,120.9947172,9.836999893188477,289.260498046875,0.0,43.62,-1.4399999,4.92,-132.72943,-77,0,0,0,0,0,0,0,-75,0,0,17,0,0
24.7896422,120.9947042,9.83899974822998,289.7281799316406,0.0,41.879997,0.9,-12.179999,147.95103,-77,0,0,0,0,0,0,0,-75,0,0,17,0,0
24.7896422,120.9947042,9.83899974822998,289.7281799316406,0.0,40.92,6.0,-16.44,123.68721,-77,0,0,0,0,0,0,0,-75,0,0,17,0,0
24.7896422,120.9947042,9.83899974822998,289.7281799316406,0.0,46.2,9.9,7.98,-81.72706,-77,0,0,0,0,0,0,0,-75,0,0,17,0,0
24.7896422,120.9947042,9.83899974822998,289.7281799316406,0.0,41.7,-5.58,-1.86,-98.060074,-77,0,0,0,0,0,0,0,-75,0,0,17,0,0
24.7896447,120.9946886,9.786999702453613,286.43060302734375,0.0,39.12,4.14,-17.039999,101.95781,-77,0,0,0,0,0,0,0,-75,0,0,17,0,0
24.7896447,120.9946886,9.786999702453613,286.43060302734375,0.0,41.82,11.759999,-14.5199995,-56.55483,-77,0,0,0,0,0,0,0,-75,0,0,17,0,0
24.7896466,120.994674,9.583000183105469,280.8328857421875,0.0,45.899998,2.8799999,1.56,-141.10799,-77,0,0,0,0,0,0,0,-75,0,0,17,0,0
24.7896466,120.994674,9.583000183105469,280.8328857421875,0.0,45.12,2.3999999,-4.74,-86.05762,-77,0,0,0,0,0,0,0,-75,0,0,17,0,0
24.7896466,120.994674,9.583000183105469,280.8328857421875,0.0,41.94,8.28,-15.66,122.34993,-77,0,0,0,0,0,0,0,-75,0,0,17,0,0
24.7896476,120.9946609,9.614999771118164,283.5739440917969,0.0,44.7,10.62,-8.76,-66.748055,-77,0,0,0,0,0,0,0,-75,0,0,17,0,0
24.7896476,120.9946609,9.614999771118164,283.5739440917969,0.0,44.219997,-3.4199998,5.2799997,-160.76523,-77,0,0,0,0,0,0,0,-75,0,0,17,0,0
24.7896476,120.9946609,9.614999771118164,283.5739440917969,0.0,43.079998,-3.84,-2.22,-82.974144,-77,0,0,0,0,0,0,0,-75,0,0,17,0,0
24.7896508,120.9946487,9.66100025177002,288.6419982910156,0.0,46.2,4.8599997,-6.06,148.29662,-77,0,0,0,0,0,0,0,-75,0,0,17,0,0
24.7896508,120.9946487,9.66100025177002,288.6419982910156,0.0,45.42,3.0,10.679999,-104.20604,-77,0,0,0,0,0,0,0,-75,0,0,17,0,0
24.7896508,120.9946487,9.66100025177002,288.6419982910156,0.0,41.82,-6.06,3.8999999,-110.39201,-77,0,0,0,0,0,0,0,-75,0,0,17,0,0
24.7896541,120.9946357,9.718000411987305,285.3392333984375,0.0,41.879997,-2.1599998,-10.679999,140.05368,-77,0,0,0,0,0,0,0,-75,0,0,17,0,0
24.7896541,120.9946357,9.718000411987305,285.3392333984375,0.0,45.059998,7.8599997,-9.3,-65.45193,-77,0,0,0,0,0,0,0,-75,0,0,17,0,0
24.7896541,120.9946357,9.718000411987305,285.3392333984375,0.0,46.62,-1.3199999,6.2999997,-130.47488,-77,0,0,0,0,0,0,0,-75,0,0,17,0,0
24.7896541,120.9946357,9.718000411987305,285.3392333984375,0.0,43.739998,-6.54,1.9799999,-98.660645,-77,0,0,0,0,0,0,0,-75,0,0,17,0,0
24.7896559,120.9946193,9.803999900817871,281.261474609375,0.0,46.62,3.3,-2.9399998,136.0873,-77,0,0,0,0,0,0,0,-75,0,0,17,0,0
24.7896559,120.9946193,9.803999900817871,281.261474609375,0.0,46.559998,1.14,0.65999997,-86.095604,-77,0,0,0,0,0,0,0,-75,0,0,17,0,0
24.7896576,120.9946034,9.892999649047852,279.8089294433594,0.0,44.399998,-5.7599998,8.16,-151.35822,-77,0,0,0,0,0,0,0,-75,0,0,17,0,0
24.7896576,120.9946034,9.892999649047852,279.8089294433594,0.0,43.98,-6.42,-0.48,-94.1832,-77,0,0,0,0,0,0,0,-75,0,0,17,0,0
24.7896576,120.9946034,9.892999649047852,279.8089294433594,0.0,45.66,-1.4399999,-4.74,154.5903,-77,0,0,0,0,0,0,0,-75,0,0,17,0,0
24.7896594,120.9945871,9.904000282287598,280.22735595703125,0.0,44.1,-2.28,6.18,-91.94342,-77,0,0,0,0,0,0,0,-75,0,0,17,0,0
24.7896594,120.9945871,9.904000282287598,280.22735595703125,0.0,40.98,-8.7,2.04,-129.46674,-77,0,0,0,0,0,0,0,-75,0,0,17,0,0
24.7896612,120.9945755,9.928999900817871,277.2209167480469,0.0,38.879997,-8.76,-7.02,-121.348076,-77,0,0,0,0,0,0,0,-75,0,0,17,0,0
24.7896612,120.9945755,9.928999900817871,277.2209167480469,0.0,43.26,-1.38,-4.92,-170.53326,-77,0,0,0,0,0,0,0,-75,0,0,17,0,0
24.7896612,120.9945755,9.928999900817871,277.2209167480469,0.0,40.62,-8.58,0.42,-96.318115,-77,0,0,0,0,0,0,0,-75,0,0,17,0,0
24.7896612,120.9945755,9.928999900817871,277.2209167480469,0.0,37.079998,-13.0199995,-5.8799996,-111.571594,-77,0,0,0,0,0,0,0,-75,0,0,17,0,0
24.7896614,120.9945633,9.980999946594238,273.6091613769531,0.0,42.66,-3.8999999,-8.46,147.50194,-77,0,0,0,0,0,0,0,-75,0,0,17,0,0
24.7896614,120.9945633,9.980999946594238,273.6091613769531,0.0,43.44,0.84,-7.14,-75.23723,-94,0,0,0,-71,0,0,0,0,0,0,17,0,0
24.7896586,120.994554,9.989999771118164,269.8228454589844,0.0,43.26,-6.42,2.04,-173.6799,-94,0,0,0,-71,0,0,0,0,0,0,17,0,0
24.7896586,120.994554,9.989999771118164,269.8228454589844,0.0,37.14,-11.5199995,-6.54,-106.263054,-94,0,0,0,-71,0,0,0,0,0,0,17,0,0
24.7896586,120.994554,9.989999771118164,269.8228454589844,0.0,43.559998,2.28,-4.98,159.76202,-94,0,0,0,-71,0,0,0,0,0,0,17,0,0
24.7896586,120.994554,9.989999771118164,269.8228454589844,0.0,44.76,0.35999998,2.8799999,-86.85267,-94,0,0,0,-71,0,0,0,0,0,0,17,0,0
24.7896537,120.994545,9.951000213623047,269.64971923828125,0.0,39.84,-10.26,0.12,-124.5704,-94,0,0,0,-71,0,0,0,0,0,0,17,0,0
24.7896517,120.9945333,9.892999649047852,265.0642395019531,0.0,37.5,-12.48,-1.14,-111.394424,-94,0,0,0,-71,0,0,0,0,0,0,17,0,0
24.7896517,120.9945333,9.892999649047852,265.0642395019531,0.0,43.02,1.5,-10.38,106.085846,-94,0,0,0,-71,0,0,0,0,0,0,17,0,0
24.7896517,120.9945333,9.892999649047852,265.0642395019531,0.0,43.8,1.56,-7.14,-83.60023,-94,0,0,0,-71,0,0,0,0,0,0,17,0,0
24.7896517,120.9945333,9.892999649047852,265.0642395019531,0.0,38.94,-12.179999,-0.71999997,-133.3365,-94,0,0,0,-71,0,0,0,0,0,0,17,0,0
24.7896517,120.9945333,9.892999649047852,265.0642395019531,0.0,41.879997,-4.14,-7.08,-142.02138,-94,0,0,0,-71,0,0,0,0,0,0,17,0,0
24.7896497,120.9945222,9.934000015258789,262.8133544921875,0.0,43.739998,5.4,-7.9199996,-87.492424,0,0,0,0,-92,-95,0,0,0,0,0,17,0,0
24.7896465,120.9945107,9.958000183105469,259.86468505859375,0.0,39.78,-9.54,-4.44,-161.25739,0,0,0,0,-92,-95,0,0,0,0,0,17,0,0
24.7896465,120.9945107,9.958000183105469,259.86468505859375,0.0,31.019999,-18.72,-7.3799996,-120.073265,0,0,0,0,-92,-95,0,0,0,0,0,17,0,0
24.7896465,120.9945107,9.958000183105469,259.86468505859375,0.0,39.66,-7.02,-8.5199995,-158.09602,0,0,0,0,-92,-95,0,0,0,0,0,17,0,0
24.7896465,120.9945107,9.958000183105469,259.86468505859375,0.0,41.04,-4.14,-8.22,-95.78796,0,0,0,0,-92,-95,0,0,0,0,0,17,0,0
24.7896424,120.9944985,9.984999656677246,260.2555236816406,0.0,34.559998,-17.699999,-1.74,179.84076,0,0,0,0,-92,-95,0,0,0,0,0,17,0,0
24.7896378,120.9944845,9.989999771118164,254.5738983154297,0.0,36.899998,-12.42,-2.3999999,-106.8876,0,0,0,0,-92,-95,0,0,0,0,0,17,0,0
24.7896378,120.9944845,9.989999771118164,254.5738983154297,0.0,39.84,-5.8199997,-12.84,104.16668,0,0,0,0,-92,-95,0,0,0,0,0,17,0,0
24.7896378,120.9944845,9.989999771118164,254.5738983154297,0.0,36.42,-15.0,-4.2,-116.36196,0,0,0,0,-92,-95,0,0,0,0,0,17,0,0
24.7896378,120.9944845,9.989999771118164,254.5738983154297,0.0,30.3,-20.46,-3.9599998,-142.18674,0,0,0,0,-92,-95,0,0,0,0,0,17,0,0
24.7896319,120.9944702,9.996000289916992,249.1986541748047,0.0,38.16,-12.66,14.7,170.23799,0,0,0,0,-92,-95,0,0,0,0,0,17,0,0
24.7896319,120.9944702,9.996000289916992,249.1986541748047,0.0,15.12,-29.099998,1.1999999,-136.48636,0,0,0,0,-92,-95,0,0,0,0,0,17,0,0
24.7896245,120.9944585,9.928999900817871,249.849853515625,0.0,18.24,-27.66,6.0,-143.50926,0,0,0,0,-88,-94,0,0,0,0,0,17,0,0
24.7896245,120.9944585,9.928999900817871,249.849853515625,0.0,-0.59999996,-27.0,-12.9,162.40134,0,0,0,0,-88,-94,0,0,0,0,0,17,0,0
24.7896245,120.9944585,9.928999900817871,249.849853515625,0.0,-1.9799999,-11.28,-34.5,110.50253,0,0,0,0,-88,-94,0,0,0,0,0,17,0,0
24.7896173,120.9944493,9.88599967956543,238.8274383544922,0.0,-3.3,-2.22,-38.52,-100.55598,0,0,0,0,-88,-94,0,0,0,0,0,17,0,0
24.7896173,120.9944493,9.88599967956543,238.8274383544922,0.0,-9.36,23.4,-38.16,49.866234,0,0,0,0,-88,-94,0,0,0,0,0,17,0,0
24.7896173,120.9944493,9.88599967956543,238.8274383544922,0.0,-15.24,23.64,-36.719997,17.926987,0,0,0,0,-88,-94,0,0,0,0,0,17,0,0
24.7896101,120.9944417,9.904999732971191,211.3783416748047,0.0,-2.28,42.66,-27.779999,17.34791,0,0,0,0,-88,-94,0,0,0,0,0,17,0,0
24.7896101,120.9944417,9.904999732971191,211.3783416748047,0.0,-3.0,46.26,-24.3,-7.01298,0,0,0,0,-88,-94,0,0,0,0,0,17,0,0
24.7896091,120.9944376,9.928000450134277,251.1798553466797,0.0,-16.619999,20.939999,-35.16,94.92926,0,0,0,0,-88,-94,0,0,0,0,0,17,0,0
24.7896091,120.9944376,9.928000450134277,251.1798553466797,0.0,-17.279999,25.859999,-32.16,42.733406,0,0,0,0,-88,-94,0,0,0,0,0,17,0,0
24.7896091,120.9944376,9.928000450134277,251.1798553466797,0.0,-12.78,28.5,-30.42,54.987396,0,0,0,0,-88,-94,0,0,0,0,0,17,0,0
24.7896091,120.9944376,9.928000450134277,251.1798553466797,0.0,1.38,37.02,-20.939999,21.239044,0,0,0,0,-88,-94,0,0,0,0,0,17,0,0
24.7896101,120.9944314,9.946999549865723,218.8080596923828,0.0,-10.38,30.359999,-29.64,53.386795,0,0,0,0,-88,-94,0,0,0,0,0,17,0,0
24.7896101,120.9944314,9.946999549865723,218.8080596923828,0.0,-6.6,30.48,-29.64,42.974426,0,-96,0,0,0,-95,0,0,0,0,0,17,0,0
24.7896101,120.9944314,9.946999549865723,218.8080596923828,0.0,3.24,40.14,-16.08,-13.79897,0,-96,0,0,0,-95,0,0,0,0,0,17,0,0
24.7896104,120.9944294,9.92300033569336,193.84498596191406,0.0,-13.08,31.439999,-27.18,29.990578,0,-96,0,0,0,-95,0,0,0,0,0,17,0,0
24.7896104,120.9944294,9.92300033569336,193.84498596191406,0.0,-21.539999,8.7,-37.14,84.05106,0,-96,0,0,0,-95,0,0,0,0,0,17,0,0
24.7896086,120.9944299,9.866000175476074,186.8929901123047,0.0,-18.66,-6.7799997,-37.68,59.46976,0,-96,0,0,0,-95,0,0,0,0,0,17,0,0
24.7896086,120.9944299,9.866000175476074,186.8929901123047,0.0,-7.08,-29.939999,-29.099998,173.36903,0,-96,0,0,0,-95,0,0,0,0,0,17,0,0
24.7896086,120.9944299,9.866000175476074,186.8929901123047,0.0,13.92,-40.92,1.02,-161.60388,0,-96,0,0,0,-95,0,0,0,0,0,17,0,0
24.7896086,120.9944299,9.866000175476074,186.8929901123047,0.0,18.48,-37.98,4.98,158.74625,0,-96,0,0,0,-95,0,0,0,0,0,17,0,0
24.7896086,120.9944299,9.866000175476074,186.8929901123047,0.0,20.22,-36.719997,-3.06,-142.40205,0,-96,0,0,0,-95,0,0,0,0,0,17,0,0
24.7896065,120.9944309,9.71399974822998,303.76519775390625,0.0,25.56,-32.76,-8.4,-137.75438,0,-96,0,0,0,-95,0,0,0,0,0,17,0,0
24.7896065,120.9944309,9.71399974822998,303.76519775390625,0.0,37.8,-21.24,5.3399997,-121.987656,0,-96,0,0,0,-95,0,0,0,0,0,17,0,0
24.7896065,120.9944309,9.71399974822998,303.76519775390625,0.0,40.86,-13.98,-4.02,153.76794,0,-96,0,0,0,-95,0,0,0,0,0,17,0,0
24.7896065,120.9944309,9.71399974822998,303.76519775390625,0.0,34.32,-25.32,-3.6599998,-126.02392,0,-96,0,0,0,-95,0,0,0,0,0,17,0,0
24.7896065,120.9944309,9.71399974822998,303.76519775390625,0.0,27.779999,-31.26,-7.74,-138.93797,0,-96,0,0,0,-95,0,0,0,0,0,17,0,0
24.7896134,120.9944356,9.72599983215332,260.8291320800781,0.0,32.46,-27.779999,-4.08,-154.14064,0,-96,0,0,0,-95,0,0,0,0,0,17,0,0
24.7896134,120.9944356,9.72599983215332,260.8291320800781,0.0,40.739998,-15.059999,-9.78,-132.21344,0,-96,0,0,0,-95,0,0,0,0,0,17,0,0
24.7896172,120.9944373,9.699999809265137,289.7559509277344,0.0,38.34,-22.92,-3.4199998,-117.87442,0,-96,0,0,0,-95,0,0,0,0,0,17,0,0
24.7896172,120.9944373,9.699999809265137,289.7559509277344,0.0,30.24,-31.619999,-5.52,-134.49315,0,-96,0,0,0,-95,0,0,0,0,0,17,0,0
24.7896234,120.9944342,9.579000473022461,307.5010986328125,0.0,38.28,-23.46,1.74,179.88115,0,-96,0,0,0,-95,0,0,0,0,0,17,0,0
24.7896234,120.9944342,9.579000473022461,307.5010986328125,0.0,41.219997,-16.8,-5.7,-109.59125,0,-96,0,0,0,-95,0,0,0,0,0,17,0,0
24.7896234,120.9944342,9.579000473022461,307.5010986328125,0.0,34.62,-28.439999,-4.2599998,-151.30595,0,0,0,0,-93,-93,0,0,0,0,0,17,0,0
24.7896255,120.994431,9.54699993133545,270.4573669433594,0.0,28.98,-32.94,-6.96,-135.80122,0,0,0,0,-93,-93,0,0,0,0,0,17,0,0
24.7896255,120.994431,9.54699993133545,270.4573669433594,0.0,38.7,-22.56,-4.2,-167.99597,0,0,0,0,-93,-93,0,0,0,0,0,17,0,0
24.7896218,120.9944209,9.49899959564209,305.5763854980469,0.0,39.0,-24.9,-2.3999999,-123.75927,0,0,0,0,-93,-93,0,0,0,0,0,17,0,0
24.7896218,120.9944209,9.49899959564209,305.5763854980469,0.0,28.8,-33.0,-3.36,-171.09174,0,0,0,0,-93,-93,0,0,0,0,0,17,0,0
24.7896218,120.9944209,9.49899959564209,305.5763854980469,0.0,29.34,-31.8,-8.04,-141.55025,0,0,0,0,-93,-93,0,0,0,0,0,17,0,0
24.789464,120.9942569,9.89799976348877,218.9603271484375,0.0,18.539999,-39.0,7.68,-169.47847,0,0,0,-80,-93,0,0,0,0,0,0,17,0,0
24.789464,120.9942569,9.89799976348877,218.9603271484375,0.0,23.039999,-37.739998,3.1799998,-145.6128,0,0,0,-80,-93,0,0,0,0,0,0,17,0,0
24.7894544,120.9942497,9.878999710083008,217.58108520507812,0.0,14.04,-41.28,-6.06,-162.5569,0,0,0,-80,-93,0,0,0,0,0,0,17,0,0
24.789444,120.9942429,9.86400032043457,216.35023498535156,0.0,8.04,-42.96,-5.58,-167.20581,0,0,0,-80,-93,0,0,0,0,0,0,17,0,0
24.789444,120.9942429,9.86400032043457,216.35023498535156,0.0,24.539999,-33.84,12.179999,-162.59195,0,0,0,-80,-93,0,0,0,0,0,0,17,0,0
24.789444,120.9942429,9.86400032043457,216.35023498535156,0.0,23.699999,-36.719997,5.46,-143.69588,0,0,0,-80,-93,0,0,0,0,0,0,17,0,0
24.789444,120.9942429,9.86400032043457,216.35023498535156,0.0,13.259999,-40.02,-6.8399997,-122.3185,0,0,0,-80,-93,0,0,0,0,0,0,17,0,0
24.789433,120.9942362,9.920999526977539,215.28785705566406,0.0,10.38,-43.92,4.2599998,-165.47417,0,0,0,-80,-93,0,0,0,0,0,0,17,0,0
24.789433,120.9942362,9.920999526977539,215.28785705566406,0.0,21.6,-38.46,12.12,-169.95781,0,0,0,-80,-93,0,0,0,0,0,0,17,0,0
24.789433,120.9942362,9.920999526977539,215.28785705566406,0.0,17.64,-41.94,5.3399997,-150.22006,0,0,0,-80,-93,0,0,0,0,0,0,17,0,0
24.7894223,120.9942292,10.017000198364258,214.83920288085938,0.0,9.9,-43.32,-3.12,179.75887,0,0,0,-80,-93,0,0,0,0,0,0,17,0,0
24.7894223,120.9942292,10.017000198364258,214.83920288085938,0.0,9.0,-41.399998,12.78,-158.53456,0,0,0,-81,-87,0,0,0,0,0,0,17,0,0
24.7894223,120.9942292,10.017000198364258,214.83920288085938,0.0,21.24,-38.76,14.94,-170.23126,0,0,0,-81,-87,0,0,0,0,0,0,17,0,0
24.7894129,120.9942234,10.107000350952148,214.04861450195312,0.0,18.539999,-41.46,-0.84,-147.76216,0,0,0,-81,-87,0,0,0,0,0,0,17,0,0
24.7894129,120.9942234,10.107000350952148,214.04861450195312,0.0,9.9,-42.96,-5.4,-163.49802,0,0,0,-81,-87,0,0,0,0,0,0,17,0,0
24.7894039,120.9942181,10.109000205993652,213.050048828125,0.0,19.26,-37.62,14.82,-152.45615,0,0,0,-81,-87,0,0,0,0,0,0,17,0,0
24.7894039,120.9942181,10.109000205993652,213.050048828125,0.0,20.64,-36.54,7.8599997,-150.43279,0,0,0,-81,-87,0,0,0,0,0,0,17,0,0
24.7894039,120.9942181,10.109000205993652,213.050048828125,0.0,11.219999,-40.92,-3.1799998,-157.79352,0,0,0,-81,-87,0,0,0,0,0,0,17,0,0
24.7894039,120.9942181,10.109000205993652,213.050048828125,0.0,4.68,-44.16,0.48,-173.48471,0,0,0,-81,-87,0,0,0,0,0,0,17,0,0
24.7893931,120.9942144,10.157999992370605,210.2651824951172,0.0,6.8399997,-37.32,21.779999,-142.80756,0,0,0,-81,-87,0,0,0,0,0,0,17,0,0
24.7893931,120.9942144,10.157999992370605,210.2651824951172,0.0,6.48,-41.879997,8.22,-165.32675,0,0,0,-81,-87,0,0,0,0,0,0,17,0,0
24.7893824,120.9942095,10.190999984741211,209.34132385253906,0.0,4.2599998,-43.559998,-6.0,-166.45499,0,0,0,-81,-87,0,0,0,0,0,0,17,0,0
24.7893824,120.9942095,10.190999984741211,209.34132385253906,0.0,5.52,-40.68,16.32,-162.79138,0,0,0,-81,-87,0,0,0,0,0,0,17,0,0
24.7893824,120.9942095,10.190999984741211,209.34132385253906,0.0,18.18,-36.12,17.64,-144.64746,0,0,0,-81,-87,0,0,0,0,0,0,17,0,0
24.7893708,120.9942074,10.289999961853027,206.5699462890625,0.0,12.96,-40.32,12.12,-152.09169,0,0,0,-81,-87,0,0,0,0,0,0,17,0,0
24.7893708,120.9942074,10.289999961853027,206.5699462890625,0.0,2.9399998,-44.579998,-2.8799999,-175.92873,0,0,0,-81,-87,0,0,0,0,0,0,17,0,0
24.7893708,120.9942074,10.289999961853027,206.5699462890625,0.0,11.04,-43.32,10.74,-160.82307,0,0,0,-81,-87,0,0,0,0,0,0,17,0,0
24.7893606,120.9942039,10.33899974822998,205.3379669189453,0.0,19.5,-39.6,10.98,-156.66267,0,0,-91,-80,0,0,0,0,0,0,0,17,0,0
24.7893606,120.9942039,10.33899974822998,205.3379669189453,0.0,14.34,-42.84,6.72,-153.39474,0,0,-91,-80,0,0,0,0,0,0,0,17,0,0
24.7893606,120.9942039,10.33899974822998,205.3379669189453,0.0,7.08,-44.04,-0.48,-169.53009,0,0,-91,-80,0,0,0,0,0,0,0,17,0,0
24.78935,120.9942019,10.312000274658203,203.35328674316406,0.0,17.94,-34.02,21.96,-174.66516,0,0,-91,-80,0,0,0,0,0,0,0,17,0,0
24.78935,120.9942019,10.312000274658203,203.35328674316406,0.0,22.8,-35.46,11.16,-141.13016,0,0,-91,-80,0,0,0,0,0,0,0,17,0,0
24.78935,120.9942019,10.312000274658203,203.35328674316406,0.0,11.4,-43.079998,-0.84,-166.64236,0,0,-91,-80,0,0,0,0,0,0,0,17,0,0
24.7893371,120.9942002,10.223999977111816,200.98040771484375,0.0,1.38,-44.04,-0.71999997,-178.07916,0,0,-91,-80,0,0,0,0,0,0,0,17,0,0
24.7893371,120.9942002,10.223999977111816,200.98040771484375,0.0,11.58,-37.8,21.539999,-161.51268,0,0,0,-82,-79,0,0,0,0,0,0,17,0,0
24.7893371,120.9942002,10.223999977111816,200.98040771484375,0.0,8.22,-43.92,2.3999999,-168.14987,0,0,0,-82,-79,0,0,0,0,0,0,17,0,0
24.7893248,120.9941969,10.121999740600586,200.15541076660156,0.0,3.0,-41.82,-12.0,-142.48598,0,0,0,-82,-79,0,0,0,0,0,0,17,0,0
24.7893248,120.9941969,10.121999740600586,200.15541076660156,0.0,-2.1599998,-42.84,-11.28,170.42343,0,0,0,-82,-79,0,0,0,0,0,0,17,0,0
24.7893248,120.9941969,10.121999740600586,200.15541076660156,0.0,5.52,-38.52,-18.779999,156.79715,0,0,0,-82,-79,0,0,0,0,0,0,17,0,0
24.7893104,120.9941952,10.093999862670898,198.0559539794922,0.0,-5.52,-37.2,-22.26,-179.25986,0,0,0,-82,-79,0,0,0,0,0,0,17,0,0
24.7893104,120.9941952,10.093999862670898,198.0559539794922,0.0,-16.44,-34.2,-21.779999,-179.7179,0,0,0,-82,-79,0,0,0,0,0,0,17,0,0
24.7893104,120.9941952,10.093999862670898,198.0559539794922,0.0,0.12,-41.46,-8.28,168.33356,0,0,0,-82,-79,0,0,0,0,0,0,17,0,0
24.7892968,120.9941932,10.086999893188477,196.4095001220703,0.0,-0.71999997,-38.52,-17.82,167.09328,0,0,0,-82,-79,0,0,0,0,0,0,17,0,0
24.7892968,120.9941932,10.086999893188477,196.4095001220703,0.0,-10.08,-37.02,-18.72,-143.32738,0,0,0,-82,-79,0,0,0,0,0,0,17,0,0
24.7892846,120.9941919,10.095000267028809,194.9031524658203,0.0,-9.059999,-38.399998,-15.54,158.93764,0,0,0,-82,-79,0,0,0,0,0,0,17,0,0
24.7892846,120.9941919,10.095000267028809,194.9031524658203,0.0,-4.08,-40.68,0.06,-175.28375,0,0,0,-82,-79,0,0,0,0,0,0,17,0,0
24.7892846,120.9941919,10.095000267028809,194.9031524658203,0.0,-10.38,-36.36,-19.8,156.60303,0,0,0,-82,-79,0,0,0,0,0,0,17,0,0
24.7892846,120.9941919,10.095000267028809,194.9031524658203,0.0,-13.98,-29.88,-28.5,-94.78392,0,0,-77,0,-75,0,0,0,0,0,0,17,0,0
24.7892726,120.9941903,9.975000381469727,193.63961791992188,0.0,-10.92,-40.68,-4.98,164.93694,0,0,-77,0,-75,0,0,0,0,0,0,17,0,0
24.7892726,120.9941903,9.975000381469727,193.63961791992188,0.0,-6.06,-41.34,3.3,-178.41107,0,0,-77,0,-75,0,0,0,0,0,0,17,0,0
24.7892608,120.9941889,9.97700023651123,192.20068359375,0.0,-7.62,-38.7,-16.02,-142.47627,0,0,-77,0,-75,0,0,0,0,0,0,17,0,0
24.7892608,120.9941889,9.97700023651123,192.20068359375,0.0,-16.859999,-34.92,-19.5,166.38756,0,0,-77,0,-75,0,0,0,0,0,0,17,0,0
24.7892608,120.9941889,9.97700023651123,192.20068359375,0.0,-0.96,-42.239998,9.719999,-167.00998,0,0,-77,0,-75,0,0,0,0,0,0,17,0,0
24.7892608,120.9941889,9.97700023651123,192.20068359375,0.0,0.42,-44.64,-1.5,179.69917,0,0,-77,0,-75,0,0,0,0,0,0,17,0,0
24.7892485,120.9941893,9.973999977111816,189.05702209472656,0.0,-7.2,-40.44,-16.68,-146.30034,0,0,-77,0,-75,0,0,0,0,0,0,17,0,0
24.7892485,120.9941893,9.973999977111816,189.05702209472656,0.0,-6.2999997,-44.34,2.04,171.41629,0,0,-77,0,-75,0,0,0,0,0,0,17,0,0
24.7892485,120.9941893,9.973999977111816,189.05702209472656,0.0,9.54,-41.16,15.059999,-153.99518,0,0,-77,0,-75,0,0,0,0,0,0,17,0,0
24.7892348,120.9941877,10.03499984741211,188.47837829589844,0.0,-2.7,-43.14,2.7,176.92836,0,0,-77,0,-75,0,0,0,0,0,0,17,0,0
24.7892348,120.9941877,10.03499984741211,188.47837829589844,0.0,-4.08,-41.579998,-12.78,-85.423,0,0,-77,0,-75,0,0,0,0,0,0,17,0,0
24.7892211,120.9941863,10.057000160217285,188.54454040527344,0.0,-4.7999997,-42.0,6.24,-179.50351,0,0,-77,0,-75,0,0,0,0,0,0,17,0,0
24.7892211,120.9941863,10.057000160217285,188.54454040527344,0.0,2.1599998,-40.92,6.8999996,-169.9908,0,0,-78,0,-76,0,0,0,0,0,0,17,0,0
24.7892211,120.9941863,10.057000160217285,188.54454040527344,0.0,-7.44,-40.739998,-10.139999,140.91483,0,0,-78,0,-76,0,0,0,0,0,0,17,0,0
24.7892211,120.9941863,10.057000160217285,188.54454040527344,0.0,-6.8399997,-42.0,-3.84,168.13768,0,0,-78,0,-76,0,0,0,0,0,0,17,0,0
24.7892075,120.9941855,10.050999641418457,188.15342712402344,0.0,8.46,-38.46,16.859999,-156.61,0,0,-78,0,-76,0,0,0,0,0,0,17,0,0
24.7892075,120.9941855,10.050999641418457,188.15342712402344,0.0,1.56,-42.12,4.14,-174.9889,0,0,-78,0,-76,0,0,0,0,0,0,17,0,0
24.7891949,120.9941849,10.019000053405762,187.45008850097656,0.0,-4.68,-38.76,-17.22,-167.77156,0,0,-78,0,-76,0,0,0,0,0,0,17,0,0
24.7891949,120.9941849,10.019000053405762,187.45008850097656,0.0,-5.1,-42.6,5.3399997,177.94402,0,0,-78,0,-76,0,0,0,0,0,0,17,0,0
24.7891949,120.9941849,10.019000053405762,187.45008850097656,0.0,5.4,-38.82,18.96,-135.555,0,0,-78,0,-76,0,0,0,0,0,0,17,0,0
24.7891949,120.9941849,10.019000053405762,187.45008850097656,0.0,0.29999998,-42.78,-5.1,179.576,0,0,-78,0,-76,0,0,0,0,0,0,17,0,0
24.7891949,120.9941849,10.019000053405762,187.45008850097656,0.0,-4.62,-37.62,-20.34,-159.05132,0,0,-78,0,-76,0,0,0,0,0,0,17,0,0
24.7891738,120.9941854,9.918999671936035,185.98060607910156,0.0,8.76,-40.8,12.24,-159.94676,0,0,-78,0,-76,0,0,0,0,0,0,17,0,0
24.7891738,120.9941854,9.918999671936035,185.98060607910156,0.0,16.5,-41.1,8.16,-157.38348,0,0,-78,0,-76,0,0,0,0,0,0,17,0,0
24.7891738,120.9941854,9.918999671936035,185.98060607910156,0.0,11.34,-43.5,-4.14,-138.89557,0,0,-78,0,-76,0,0,0,0,0,0,17,0,0
24.7891738,120.9941854,9.918999671936035,185.98060607910156,0.0,-0.06,-42.059998,-13.44,-175.0347,0,0,-78,0,-76,0,0,0,0,0,0,17,0,0
24.7891738,120.9941854,9.918999671936035,185.98060607910156,0.0,13.86,-40.44,16.859999,-161.112,0,0,-78,0,-76,0,0,0,0,0,0,17,0,0
24.7891738,120.9941854,9.918999671936035,185.98060607910156,0.0,12.059999,-43.5,6.72,-161.62991,0,0,-78,0,-76,0,0,0,0,0,0,17,0,0
24.7891528,120.9941872,9.972999572753906,184.7595672607422,0.0,0.24,-42.54,-10.86,-159.448,0,0,-78,0,-76,0,0,0,0,0,0,17,0,0
24.7891528,120.9941872,9.972999572753906,184.7595672607422,0.0,-8.28,-42.719997,0.96,170.27985,0,0,-78,0,-76,0,0,0,0,0,0,17,0,0
24.7891528,120.9941872,9.972999572753906,184.7595672607422,0.0,7.14,-42.719997,7.3799996,-166.52966,0,0,-78,0,-76,0,0,0,0,0,0,17,0,0
24.7891416,120.9941871,9.895999908447266,185.2362823486328,0.0,0.96,-41.94,-11.759999,-178.23718,0,0,-81,0,-76,0,0,0,0,0,0,17,0,0
24.7891416,120.9941871,9.895999908447266,185.2362823486328,0.0,5.3399997,-34.739998,-23.519999,-140.29399,0,0,-81,0,-76,0,0,0,0,0,0,17,0,0
24.7891416,120.9941871,9.895999908447266,185.2362823486328,0.0,5.8199997,-42.36,5.04,-170.58797,0,0,-81,0,-76,0,0,0,0,0,0,17,0,0
24.7891275,120.9941855,9.819999694824219,185.65374755859375,0.0,13.559999,-39.36,-2.34,-172.14691,0,0,-81,0,-76,0,0,0,0,0,0,17,0,0
24.7891275,120.9941855,9.819999694824219,185.65374755859375,0.0,6.48,-34.739998,-23.22,-121.39036,0,0,-81,0,-76,0,0,0,0,0,0,17,0,0
24.7891275,120.9941855,9.819999694824219,185.65374755859375,0.0,-4.7999997,-37.8,-20.34,178.0859,0,0,-81,0,-76,0,0,0,0,0,0,17,0,0
24.7891152,120.9941841,9.873000144958496,185.55101013183594,0.0,5.4,-43.14,1.5,-179.78096,0,0,-81,0,-76,0,0,0,0,0,0,17,0,0
24.7891152,120.9941841,9.873000144958496,185.55101013183594,0.0,8.76,-42.12,-5.94,-175.30676,0,0,-81,0,-76,0,0,0,0,0,0,17,0,0
24.7891152,120.9941841,9.873000144958496,185.55101013183594,0.0,-2.1599998,-38.219997,-22.32,-152.66142,0,0,-81,0,-76,0,0,0,0,0,0,17,0,0
24.7891152,120.9941841,9.873000144958496,185.55101013183594,0.0,-3.36,-42.899998,-12.12,171.58954,0,0,-81,0,-76,0,0,0,0,0,0,17,0,0
24.7891022,120.9941821,9.928000450134277,185.72198486328125,0.0,10.2,-43.26,1.4399999,168.97244,0,0,-81,0,-76,0,0,0,0,0,0,17,0,0
24.7890893,120.99418,9.960000038146973,186.0593719482422,0.0,3.36,-42.899998,-14.28,-178.7252,0,0,-81,0,-76,0,0,0,0,0,0,17,0,0
24.7890893,120.99418,9.960000038146973,186.0593719482422,0.0,-6.8999996,-38.82,-22.439999,-157.44017,0,0,-81,0,-76,0,0,0,0,0,0,17,0,0
24.7890893,120.99418,9.960000038146973,186.0593719482422,0.0,2.1599998,-44.28,6.3599997,-171.33958,0,0,-81,0,-76,0,0,0,0,0,0,17,0,0
24.7890893,120.99418,9.960000038146973,186.0593719482422,0.0,9.719999,-42.84,-1.68,-170.95168,0,0,-81,0,-76,0,0,0,0,0,0,17,0,0
24.7880544,120.9945792,10.01200008392334,97.11073303222656,0.0,-25.26,-11.04,-35.04,91.24732,-90,0,-88,0,0,0,0,0,0,0,0,17,0,0
24.7880544,120.9945792,10.01200008392334,97.11073303222656,0.0,-27.3,-30.72,-18.48,44.031837,-90,0,-88,0,0,0,0,0,0,0,0,17,0,0
24.7880544,120.9945792,10.01200008392334,97.11073303222656,0.0,-24.0,-17.1,-35.46,101.169945,-90,0,-88,0,0,0,0,0,0,0,0,17,0,0
24.7880524,120.9945925,9.996999740600586,96.48780059814453,0.0,-11.7,-1.74,-42.84,-47.00758,-90,0,-88,0,0,0,0,0,0,0,0,17,0,0
24.7880524,120.9945925,9.996999740600586,96.48780059814453,0.0,-24.72,-24.84,-28.08,121.63962,-90,0,-88,0,0,0,0,0,0,0,0,17,0,0
24.7880524,120.9945925,9.996999740600586,96.48780059814453,0.0,-24.48,-29.939999,-24.18,125.814285,-90,0,-88,0,0,0,0,0,0,0,0,17,0,0
24.7880517,120.9946039,10.038000106811523,93.45946502685547,0.0,-19.5,-1.26,-41.34,1.9413075,-90,0,-88,0,0,0,0,0,0,0,0,17,0,0
24.7880517,120.9946039,10.038000106811523,93.45946502685547,0.0,-23.4,0.59999996,-39.54,28.911587,-90,0,-88,0,0,0,0,0,0,0,0,17,0,0
24.788053,120.9946157,10.055000305175781,92.77433776855469,0.0,-30.84,-30.96,-14.5199995,146.45865,-90,0,-88,0,0,0,0,0,0,0,0,17,0,0
24.788053,120.9946157,10.055000305175781,92.77433776855469,0.0,-27.66,-24.84,-26.519999,118.846504,-90,0,-88,0,0,0,0,0,0,0,0,17,0,0
24.788053,120.9946157,10.055000305175781,92.77433776855469,0.0,-17.58,-1.68,-41.94,-63.6506,-90,0,-88,0,0,0,0,0,0,0,0,17,0,0
24.7880544,120.9946263,10.043999671936035,90.7804946899414,0.0,-29.099998,-3.24,-35.76,83.7532,-90,0,-88,0,0,0,0,0,0,0,0,17,0,0
24.7880544,120.9946263,10.043999671936035,90.7804946899414,0.0,-27.96,-28.199999,-21.42,7.561444,-90,0,-88,0,0,0,0,0,0,0,0,17,0,0
24.7880543,120.9946418,9.968999862670898,91.78324127197266,0.0,-23.58,-12.24,-37.68,96.06134,-90,0,-88,0,0,0,0,0,0,0,0,17,0,0
24.7880543,120.9946418,9.968999862670898,91.78324127197266,0.0,-14.16,3.9599998,-42.78,-50.201256,-90,0,-88,0,0,0,0,0,0,0,0,17,0,0
24.7880543,120.9946418,9.968999862670898,91.78324127197266,0.0,-33.12,-15.12,-29.58,107.73674,-90,0,-88,0,0,0,0,0,0,0,0,17,0,0
24.7880543,120.9946418,9.968999862670898,91.78324127197266,0.0,-31.38,-26.88,-21.66,129.4039,-90,0,-88,0,0,0,0,0,0,0,0,17,0,0
24.7880531,120.9946597,9.925999641418457,91.75096893310547,0.0,-25.859999,-8.639999,-36.0,51.347363,-90,0,-88,0,0,0,0,0,0,0,0,17,0,0
24.7880531,120.9946597,9.925999641418457,91.75096893310547,0.0,-18.66,3.48,-40.8,-6.211206,-90,0,-88,0,0,0,0,0,0,0,0,17,0,0
24.7880531,120.9946597,9.925999641418457,91.75096893310547,0.0,-35.04,-21.96,-20.699999,130.31892,-90,0,-88,0,0,0,0,0,0,0,0,17,0,0
24.7880531,120.9946597,9.925999641418457,91.75096893310547,0.0,-27.24,-23.64,-26.699999,120.11562,-90,0,-88,0,0,0,0,0,0,0,0,17,0,0
24.7880531,120.9946597,9.925999641418457,91.75096893310547,0.0,-16.74,-1.56,-42.0,-59.45331,-90,0,-88,0,0,0,0,0,0,0,0,17,0,0
24.7880531,120.9946597,9.925999641418457,91.75096893310547,0.0,-30.84,-5.8199997,-34.739998,78.830795,-90,0,-88,0,0,0,0,0,0,0,0,17,0,0
24.7880534,120.994688,9.895999908447266,87.95281982421875,0.0,-33.36,-25.98,-17.64,78.908195,-90,0,-88,0,0,0,0,0,0,0,0,17,0,0
24.7880534,120.994688,9.895999908447266,87.95281982421875,0.0,-27.24,-4.68,-37.5,70.02624,-90,0,-88,0,0,0,0,0,0,0,0,17,0,0
24.7880534,120.994688,9.895999908447266,87.95281982421875,0.0,-18.72,10.38,-39.3,-17.628124,-90,0,-88,0,0,0,0,0,0,0,0,17,0,0
24.7880561,120.9946988,9.939000129699707,86.28800964355469,0.0,-33.84,-15.0,-27.539999,109.4818,-90,0,-88,0,0,0,0,0,0,0,0,17,0,0
24.7880561,120.9946988,9.939000129699707,86.28800964355469,0.0,-33.12,-18.06,-28.439999,112.99204,-90,0,-88,0,0,0,0,0,0,0,0,17,0,0
24.7880571,120.9947131,9.935999870300293,85.00045013427734,0.0,-21.24,3.48,-39.899998,-39.966774,-90,0,-88,0,0,0,0,0,0,0,0,17,0,0
24.7880571,120.9947131,9.935999870300293,85.00045013427734,0.0,-22.26,-0.12,-38.76,17.492336,-90,0,-88,0,0,0,0,0,0,0,0,17,0,0
24.7880571,120.9947131,9.935999870300293,85.00045013427734,0.0,-32.1,-25.199999,-21.18,129.37256,-90,0,-88,0,0,0,0,0,0,0,0,17,0,0
24.7880571,120.9947131,9.935999870300293,85.00045013427734,0.0,-25.68,-11.099999,-34.38,98.1231,-90,0,-88,0,0,0,0,0,0,0,0,17,0,0
24.7880601,120.9947248,9.97599983215332,77.52827453613281,0.0,-12.179999,5.3399997,-40.379997,-61.3914,-90,0,-88,0,0,0,0,0,0,0,0,17,0,0
24.7880601,120.9947248,9.97599983215332,77.52827453613281,0.0,-29.699999,-11.7,-31.679998,102.915344,-90,0,-88,0,0,0,0,0,0,0,0,17,0,0
24.7880646,120.9947363,10.008999824523926,72.13497924804688,0.0,-30.359999,-23.34,-23.519999,156.86003,-90,0,-88,0,0,0,0,0,0,0,0,17,0,0
24.7880646,120.9947363,10.008999824523926,72.13497924804688,0.0,-19.199999,-3.8999999,-39.18,32.622696,-90,0,-88,0,0,0,0,0,0,0,0,17,0,0
24.7880646,120.9947363,10.008999824523926,72.13497924804688,0.0,-12.24,0.12,-40.5,-23.743883,-90,0,-88,0,0,0,0,0,0,0,0,17,0,0
24.7880716,120.9947466,10.10099983215332,69.0059585571289,0.0,-30.179998,-21.779999,-24.84,149.6032,-90,0,-88,0,0,0,0,0,0,0,0,17,0,0
24.7880716,120.9947466,10.10099983215332,69.0059585571289,0.0,-27.96,-14.759999,-33.239998,104.58084,-90,0,-88,0,0,0,0,0,0,0,0,17,0,0
24.7880766,120.994757,10.243000030517578,67.98136138916016,0.0,-20.64,6.8999996,-38.94,-51.065983,-90,0,-88,0,0,0,0,0,0,0,0,17,0,0
24.7880766,120.994757,10.243000030517578,67.98136138916016,0.0,-23.58,2.7,-38.52,41.79914,-90,0,-88,0,0,0,0,0,0,0,0,17,0,0
24.7880766,120.994757,10.243000030517578,67.98136138916016,0.0,-31.199999,-21.24,-26.4,70.32917,-90,0,-88,0,0,0,0,0,0,0,0,17,0,0
24.7885859,120.9950835,10.178999900817871,5.20922327041626,0.0,7.08,-10.44,-41.7,100.52225,-81,-89,0,0,0,0,0,0,0,0,0,17,0,0
24.7885979,120.995083,10.097000122070312,4.728749752044678,0.0,-3.9599998,-2.52,-43.739998,93.57162,-81,-89,0,0,0,0,0,0,0,0,0,17,0,0
24.7885979,120.995083,10.097000122070312,4.728749752044678,0.0,13.679999,27.06,-30.06,-32.77526,-81,-89,0,0,0,0,0,0,0,0,0,17,0,0
24.7885979,120.995083,10.097000122070312,4.728749752044678,0.0,19.8,21.6,-30.779999,-43.117634,-81,-89,0,0,0,0,0,0,0,0,0,17,0,0
24.788609,120.9950828,10.045000076293945,4.222923755645752,0.0,1.5,-0.78,-43.379997,75.0952,-81,-89,0,0,0,0,0,0,0,0,0,17,0,0
24.788609,120.9950828,10.045000076293945,4.222923755645752,0.0,10.38,18.0,-38.64,26.480457,-81,-89,0,0,0,0,0,0,0,0,0,17,0,0
24.78862,120.9950822,10.02299976348877,3.805084228515625,0.0,28.32,26.4,-18.18,-94.305565,-81,-89,0,0,0,0,0,0,0,0,0,17,0,0
24.78862,120.9950822,10.02299976348877,3.805084228515625,0.0,17.88,8.5199995,-36.96,-4.359497,-81,-89,0,0,0,0,0,0,0,0,0,17,0,0
24.78862,120.9950822,10.02299976348877,3.805084228515625,0.0,-2.3999999,-3.6,-43.68,110.84701,-81,-89,0,0,0,0,0,0,0,0,0,17,0,0
24.7886321,120.9950814,9.970000267028809,3.383768081665039,0.0,11.88,18.119999,-35.82,2.258767,-81,-89,0,0,0,0,0,0,0,0,0,17,0,0
24.7886321,120.9950814,9.970000267028809,3.383768081665039,0.0,27.66,22.859999,-19.619999,-93.8715,-81,-89,0,0,0,0,0,0,0,0,0,17,0,0
24.7886443,120.9950806,9.968999862670898,2.999267816543579,0.0,10.74,9.0,-41.52,63.85643,-81,-89,0,0,0,0,0,0,0,0,0,17,0,0
24.7886443,120.9950806,9.968999862670898,2.999267816543579,0.0,-1.38,2.22,-43.26,66.2757,-81,-89,0,0,0,0,0,0,0,0,0,17,0,0
24.7886443,120.9950806,9.968999862670898,2.999267816543579,0.0,14.94,22.56,-32.219997,-17.460241,-84,-86,0,0,0,0,0,0,0,0,0,17,0,0
24.7886443,120.9950806,9.968999862670898,2.999267816543579,0.0,21.42,21.3,-31.5,-48.770927,-84,-86,0,0,0,0,0,0,0,0,0,17,0,0
24.7886576,120.9950799,9.947999954223633,2.66157865524292,0.0,0.53999996,-4.2599998,-44.879997,81.58493,-84,-86,0,0,0,0,0,0,0,0,0,17,0,0
24.7886576,120.9950799,9.947999954223633,2.66157865524292,0.0,6.6,9.66,-41.76,35.383778,-84,-86,0,0,0,0,0,0,0,0,0,17,0,0
24.7886717,120.9950792,9.875,2.297102689743042,0.0,24.539999,22.199999,-26.22,-87.23414,-84,-86,0,0,0,0,0,0,0,0,0,17,0,0
24.7886717,120.9950792,9.875,2.297102689743042,0.0,12.84,12.78,-37.2,-24.504267,-84,-86,0,0,0,0,0,0,0,0,0,17,0,0
24.7886717,120.9950792,9.875,2.297102689743042,0.0,-0.9,-3.6,-43.62,94.994576,-84,-86,0,0,0,0,0,0,0,0,0,17,0,0
24.7886848,120.9950786,9.892999649047852,2.100003719329834,0.0,9.059999,15.719999,-36.42,2.0206282,-84,-86,0,0,0,0,0,0,0,0,0,17,0,0
24.7886848,120.9950786,9.892999649047852,2.100003719329834,0.0,23.46,22.859999,-25.14,-80.51374,-84,-86,0,0,0,0,0,0,0,0,0,17,0,0
24.7886848,120.9950786,9.892999649047852,2.100003719329834,0.0,5.46,5.64,-40.62,74.445984,-84,-86,0,0,0,0,0,0,0,0,0,17,0,0
24.7886848,120.9950786,9.892999649047852,2.100003719329834,0.0,-9.12,3.54,-41.879997,72.95443,-84,-86,0,0,0,0,0,0,0,0,0,17,0,0
24.7886973,120.9950772,10.013999938964844,1.9434512853622437,0.0,15.179999,19.08,-32.579998,-19.502237,-84,-86,0,0,0,0,0,0,0,0,0,17,0,0
24.7886973,120.9950772,10.013999938964844,1.9434512853622437,0.0,25.32,21.72,-22.619999,-48.034397,-89,-90,0,0,0,0,0,0,0,0,0,17,0,0
24.7887082,120.995077,10.013999938964844,1.8507020473480225,0.0,0.96,3.06,-42.48,87.40218,-89,-90,0,0,0,0,0,0,0,0,0,17,0,0
24.7887082,120.995077,10.013999938964844,1.8507020473480225,0.0,3.4199998,11.28,-40.379997,59.441956,-89,-90,0,0,0,0,0,0,0,0,0,17,0,0
24.7887082,120.995077,10.013999938964844,1.8507020473480225,0.0,23.34,26.46,-21.9,-53.853226,-89,-90,0,0,0,0,0,0,0,0,0,17,0,0
24.7887208,120.9950761,10.11299991607666,1.5730161666870117,0.0,15.42,19.08,-34.32,-21.947231,-89,-90,0,0,0,0,0,0,0,0,0,17,0,0
24.7887208,120.9950761,10.11299991607666,1.5730161666870117,0.0,-5.3399997,-2.76,-43.32,73.9891,-89,-90,0,0,0,0,0,0,0,0,0,17,0,0
24.7887343,120.995075,10.104999542236328,1.2130765914916992,0.0,9.66,23.22,-33.96,1.643175,-89,-90,0,0,0,0,0,0,0,0,0,17,0,0
24.7887343,120.995075,10.104999542236328,1.2130765914916992,0.0,28.68,23.699999,-19.8,-72.92585,-89,-90,0,0,0,0,0,0,0,0,0,17,0,0
24.7887343,120.995075,10.104999542236328,1.2130765914916992,0.0,4.7999997,3.06,-42.12,87.95638,-89,-90,0,0,0,0,0,0,0,0,0,17,0,0
24.7887343,120.995075,10.104999542236328,1.2130765914916992,0.0,0.9,0.29999998,-43.26,98.45676,-89,-90,0,0,0,0,0,0,0,0,0,17,0,0
24.7887475,120.9950736,10.065999984741211,0.9003728032112122,0.0,21.06,25.74,-25.98,-47.38902,-89,-90,0,0,0,0,0,0,0,0,0,17,0,0
24.7887475,120.9950736,10.065999984741211,0.9003728032112122,0.0,21.779999,20.1,-28.68,-36.67355,-89,-90,0,0,0,0,0,0,0,0,0,17,0,0
24.7887475,120.9950736,10.065999984741211,0.9003728032112122,0.0,-0.48,-2.52,-42.12,73.805016,-89,-90,0,0,0,0,0,0,0,0,0,17,0,0
24.7887475,120.9950736,10.065999984741211,0.9003728032112122,0.0,9.36,15.839999,-36.36,24.738878,-85,-88,0,0,0,0,0,0,0,0,0,17,0,0
24.78876,120.9950718,10.053999900817871,0.44216448068618774,0.0,25.5,26.88,-18.779999,-82.752884,-85,-88,0,0,0,0,0,0,0,0,0,17,0,0
24.7887715,120.9950709,10.038000106811523,0.07343031466007233,0.0,9.9,9.059999,-39.36,72.46892,-85,-88,0,0,0,0,0,0,0,0,0,17,0,0
24.7887715,120.9950709,10.038000106811523,0.07343031466007233,0.0,-2.34,1.5,-41.04,87.66373,-85,-88,0,0,0,0,0,0,0,0,0,17,0,0
24.7887715,120.9950709,10.038000106811523,0.07343031466007233,0.0,16.199999,25.38,-26.279999,-37.782322,-85,-88,0,0,0,0,0,0,0,0,0,17,0,0
24.7887715,120.9950709,10.038000106811523,0.07343031466007233,0.0,21.48,19.859999,-28.56,-46.655704,-85,-88,0,0,0,0,0,0,0,0,0,17,0,0
24.7887827,120.995069,9.944999694824219,359.1806945800781,0.0,-1.0799999,2.34,-41.76,76.813,-85,-88,0,0,0,0,0,0,0,0,0,17,0,0
24.7887827,120.995069,9.944999694824219,359.1806945800781,0.0,10.32,20.699999,-32.28,6.714938,-85,-88,0,0,0,0,0,0,0,0,0,17,0,0
24.7887954,120.9950678,9.800999641418457,358.7547912597656,0.0,23.88,22.38,-23.16,-84.71267,-85,-88,0,0,0,0,0,0,0,0,0,17,0,0
24.7887954,120.9950678,9.800999641418457,358.7547912597656,0.0,9.9,13.38,-37.2,-7.0533924,-85,-88,0,0,0,0,0,0,0,0,0,17,0,0
24.7887954,120.9950678,9.800999641418457,358.7547912597656,0.0,6.3599997,13.5,-40.14,55.09397,-85,-88,0,0,0,0,0,0,0,0,0,17,0,0
24.7888084,120.9950663,9.803000450134277,358.26507568359375,0.0,14.58,9.96,-37.86,18.601212,-85,-88,0,0,0,0,0,0,0,0,0,17,0,0
24.7888084,120.9950663,9.803000450134277,358.26507568359375,0.0,15.12,12.24,-37.26,-57.116203,-85,-88,0,0,0,0,0,0,0,0,0,17,0,0
24.7888084,120.9950663,9.803000450134277,358.26507568359375,0.0,6.0,21.96,-34.62,20.290115,-85,-88,0,0,0,0,0,0,0,0,0,17,0,0
24.7888084,120.9950663,9.803000450134277,358.26507568359375,0.0,5.2799997,22.98,-34.559998,53.580006,-85,-88,0,0,0,0,0,0,0,0,0,17,0,0
24.7888229,120.9950653,9.788000106811523,357.7642822265625,0.0,31.439999,24.24,-12.0,-57.86886,-85,-88,0,0,0,0,0,0,0,0,0,17,0,0
24.7888229,120.9950653,9.788000106811523,357.7642822265625,0.0,26.88,15.54,-28.08,-24.795647,-85,-88,0,0,0,0,0,0,0,0,0,17,0,0
24.7888366,120.9950643,9.781999588012695,357.2633056640625,0.0,8.04,-2.52,-41.399998,51.773766,-85,-88,0,0,0,0,0,0,0,0,0,17,0,0
24.7888366,120.9950643,9.781999588012695,357.2633056640625,0.0,19.619999,20.699999,-30.48,-22.502237,-85,-88,0,0,0,0,0,0,0,0,0,17,0,0
24.7888366,120.9950643,9.781999588012695,357.2633056640625,0.0,27.599998,21.3,-20.34,-48.6003,-85,-88,0,0,0,0,0,0,0,0,0,17,0,0
24.7888501,120.9950635,9.866000175476074,356.8529357910156,0.0,-8.58,5.1,-41.94,84.47331,-85,-88,0,0,0,0,0,0,0,0,0,17,0,0
24.7888501,120.9950635,9.866000175476074,356.8529357910156,0.0,-7.9199996,7.8599997,-41.76,70.40174,-85,-88,0,0,0,0,0,0,0,0,0,17,0,0
24.7888642,120.995063,9.868000030517578,357.06805419921875,0.0,20.64,20.64,-29.4,-70.29363,-85,-88,0,0,0,0,0,0,0,0,0,17,0,0
24.7888642,120.995063,9.868000030517578,357.06805419921875,0.0,17.039999,15.78,-34.26,-36.3324,-85,-88,0,0,0,0,0,0,0,0,0,17,0,0
24.7888642,120.995063,9.868000030517578,357.06805419921875,0.0,-0.48,-6.12,-42.48,78.59036,-85,-88,0,0,0,0,0,0,0,0,0,17,0,0
24.788877,120.9950627,9.866999626159668,357.7571105957031,0.0,13.559999,16.5,-34.92,7.73422,-85,-88,0,0,0,0,0,0,0,0,0,17,0,0
24.788877,120.9950627,9.866999626159668,357.7571105957031,0.0,26.58,23.939999,-23.16,-113.6789,-85,-88,0,0,0,0,0,0,0,0,0,17,0,0
24.788877,120.9950627,9.866999626159668,357.7571105957031,0.0,12.12,4.5,-40.68,79.66919,-85,-88,0,0,0,0,0,0,0,0,0,17,0,0
24.788877,120.9950627,9.866999626159668,357.7571105957031,0.0,4.68,4.68,-42.78,83.22118,-85,-88,0,0,0,0,0,0,0,0,0,17,0,0
24.7888912,120.9950633,9.876999855041504,358.8663635253906,0.0,16.26,18.96,-33.48,-80.04469,-85,-88,0,0,0,0,0,0,0,0,0,17,0,0
24.7888912,120.9950633,9.876999855041504,358.8663635253906,0.0,15.12,14.28,-37.8,-40.119896,-85,-88,0,0,0,0,0,0,0,0,0,17,0,0
24.7889044,120.9950634,9.932999610900879,358.94036865234375,0.0,0.35999998,-7.08,-42.719997,101.215454,-85,-88,0,0,0,0,0,0,0,0,0,17,0,0
24.7889044,120.9950634,9.932999610900879,358.94036865234375,0.0,12.84,8.58,-39.66,7.198434,-85,-88,0,0,0,0,0,0,0,0,0,17,0,0
24.7889044,120.9950634,9.932999610900879,358.94036865234375,0.0,30.66,11.7,-26.519999,-110.24603,-87,-86,0,0,0,0,0,0,0,0,0,17,0,0
24.7889195,120.995064,9.996999740600586,359.2061767578125,0.0,16.619999,-4.92,-38.82,59.9435,-87,-86,0,0,0,0,0,0,0,0,0,17,0,0
24.7889195,120.995064,9.996999740600586,359.2061767578125,0.0,6.06,-4.02,-43.559998,100.96634,-87,-86,0,0,0,0,0,0,0,0,0,17,0,0
24.7889195,120.995064,9.996999740600586,359.2061767578125,0.0,22.5,18.6,-30.84,-31.403383,-87,-86,0,0,0,0,0,0,0,0,0,17,0,0
24.7889337,120.9950643,10.048999786376953,359.3990783691406,0.0,33.36,16.14,-22.14,-52.56645,-87,-86,0,0,0,0,0,0,0,0,0,17,0,0
24.7889337,120.9950643,10.048999786376953,359.3990783691406,0.0,11.219999,-7.98,-41.399998,79.73713,-87,-86,0,0,0,0,0,0,0,0,0,17,0,0
24.7889337,120.9950643,10.048999786376953,359.3990783691406,0.0,17.22,10.62,-37.68,24.525785,-87,-86,0,0,0,0,0,0,0,0,0,17,0,0
24.7889489,120.9950643,10.052000045776367,358.1260070800781,0.0,30.3,17.699999,-23.34,-147.74258,-87,-86,0,0,0,0,0,0,0,0,0,17,0,0
24.7889489,120.9950643,10.052000045776367,358.1260070800781,0.0,14.759999,5.7599998,-38.76,-12.690236,-87,-86,0,0,0,0,0,0,0,0,0,17,0,0
24.7889489,120.9950643,10.052000045776367,358.1260070800781,0.0,1.86,-6.7799997,-42.12,83.619125,-87,-86,0,0,0,0,0,0,0,0,0,17,0,0
24.7889639,120.9950652,9.984999656677246,357.954833984375,0.0,17.1,16.8,-33.48,-14.455305,-87,-86,0,0,0,0,0,0,0,0,0,17,0,0
24.7889639,120.9950652,9.984999656677246,357.954833984375,0.0,26.4,16.619999,-26.82,-114.797585,-87,-86,0,0,0,0,0,0,0,0,0,17,0,0
24.7889639,120.9950652,9.984999656677246,357.954833984375,0.0,3.3,-2.1599998,-41.76,91.291565,-87,-86,0,0,0,0,0,0,0,0,0,17,0,0
24.7889639,120.9950652,9.984999656677246,357.954833984375,0.0,5.3399997,0.17999999,-41.28,75.27654,-87,-86,0,0,0,0,0,0,0,0,0,17,0,0
24.7889771,120.9950669,9.961999893188477,358.3507385253906,0.0,25.26,14.219999,-29.58,-75.3336,-87,-86,0,0,0,0,0,0,0,0,0,17,0,0
24.7889771,120.9950669,9.961999893188477,358.3507385253906,0.0,16.08,11.82,-37.5,-28.814129,-87,-86,0,0,0,0,0,0,0,0,0,17,0,0
24.7889905,120.9950685,10.031999588012695,0.6543468832969666,0.0,1.68,1.26,-42.719997,103.80912,-87,-86,0,0,0,0,0,0,0,0,0,17,0,0
24.7889905,120.9950685,10.031999588012695,0.6543468832969666,0.0,16.98,16.68,-35.52,-15.821153,-87,-86,0,0,0,0,0,0,0,0,0,17,0,0
24.7889905,120.9950685,10.031999588012695,0.6543468832969666,0.0,27.96,16.44,-26.88,-53.031597,-87,-86,0,0,0,0,0,0,0,0,0,17,0,0
24.7890008,120.9950696,10.102999687194824,1.1259275674819946,0.0,4.62,-10.44,-42.36,99.20901,-87,-86,0,0,0,0,0,0,0,0,0,17,0,0
24.7890008,120.9950696,10.102999687194824,1.1259275674819946,0.0,15.12,5.7,-39.18,63.953747,-87,-86,0,0,0,0,0,0,0,0,0,17,0,0
24.7890128,120.9950672,10.097000122070312,358.7156982421875,0.0,33.059998,22.08,-19.439999,-91.81892,-87,-86,0,0,0,0,0,0,0,0,0,17,0,0
24.7890128,120.9950672,10.097000122070312,358.7156982421875,0.0,19.8,7.5,-38.34,-21.73868,-87,-86,0,0,0,0,0,0,0,0,0,17,0,0
24.7890128,120.9950672,10.097000122070312,358.7156982421875,0.0,-0.9,-10.0199995,-43.92,102.92395,-87,-86,0,0,0,0,0,0,0,0,0,17,0,0
24.7890128,120.9950672,10.097000122070312,358.7156982421875,0.0,24.72,11.099999,-32.88,-15.001419,-87,-86,0,0,0,0,0,0,0,0,0,17,0,0
24.7890235,120.9950631,10.036999702453613,357.59588623046875,0.0,38.16,15.48,-14.7,-102.73398,0,-78,0,0,0,0,0,0,-59,0,0,17,0,0
24.7890235,120.9950631,10.036999702453613,357.59588623046875,0.0,17.46,-5.04,-39.48,89.309944,0,-78,0,0,0,0,0,0,-59,0,0,17,0,0
24.7890235,120.9950631,10.036999702453613,357.59588623046875,0.0,4.8599997,-4.68,-43.5,97.35874,0,-78,0,0,0,0,0,0,-59,0,0,17,0,0
24.7890375,120.9950617,10.0,359.0953063964844,0.0,19.68,19.5,-33.66,-57.675995,0,-78,0,0,0,0,0,0,-59,0,0,17,0,0
24.7890481,120.9950642,9.909000396728516,1.448493480682373,0.0,22.5,13.38,-34.44,-46.579754,0,-78,0,0,0,0,0,0,-59,0,0,17,0,0
24.7890481,120.9950642,9.909000396728516,1.448493480682373,0.0,1.02,-8.88,-43.86,84.78086,0,-78,0,0,0,0,0,0,-59,0,0,17,0,0
24.7890481,120.9950642,9.909000396728516,1.448493480682373,0.0,20.16,12.719999,-36.54,6.1924047,0,-78,0,0,0,0,0,0,-59,0,0,17,0,0
24.7890481,120.9950642,9.909000396728516,1.448493480682373,0.0,34.98,19.68,-18.359999,-105.18176,0,-78,0,0,0,0,0,0,-59,0,0,17,0,0
24.7890562,120.9950676,9.871999740600586,2.5825259685516357,0.0,17.699999,-0.24,-40.26,65.37599,0,-78,0,0,0,0,0,0,-59,0,0,17,0,0
24.7890562,120.9950676,9.871999740600586,2.5825259685516357,0.0,12.059999,-3.24,-42.84,76.49827,0,-78,0,0,0,0,0,0,-59,0,0,17,0,0
24.7890652,120.9950699,9.878000259399414,1.8321998119354248,0.0,22.8,17.1,-31.679998,-28.7355,0,-78,0,0,0,0,0,0,-59,0,0,17,0,0
24.7890652,120.9950699,9.878000259399414,1.8321998119354248,0.0,33.899998,11.639999,-24.42,-63.259205,0,-78,0,0,0,0,0,0,-59,0,0,17,0,0
24.7890652,120.9950699,9.878000259399414,1.8321998119354248,0.0,19.14,-14.639999,-36.0,107.13391,0,-78,0,0,0,0,0,0,-59,0,0,17,0,0
24.7890652,120.9950699,9.878000259399414,1.8321998119354248,0.0,25.14,2.34,-34.8,45.43521,-89,-81,0,0,0,0,0,0,0,0,0,17,0,0
24.7890752,120.9950711,9.92300033569336,0.04214846342802048,0.0,35.64,17.46,-18.3,-101.917694,-89,-81,0,0,0,0,0,0,0,0,0,17,0,0
24.7890854,120.9950711,9.892000198364258,359.7610778808594,0.0,16.92,3.9599998,-38.879997,12.484218,-89,-81,0,0,0,0,0,0,0,0,0,17,0,0
24.7890854,120.9950711,9.892000198364258,359.7610778808594,0.0,3.6,-10.8,-43.14,76.26678,-89,-81,0,0,0,0,0,0,0,0,0,17,0,0
24.7890854,120.9950711,9.892000198364258,359.7610778808594,0.0,19.56,11.639999,-36.66,-17.500254,-89,-81,0,0,0,0,0,0,0,0,0,17,0,0
24.7890854,120.9950711,9.892000198364258,359.7610778808594,0.0,30.0,15.839999,-26.039999,-169.2216,-89,-81,0,0,0,0,0,0,0,0,0,17,0,0
24.7890963,120.995071,9.859000205993652,359.7461242675781,0.0,13.98,-1.68,-41.46,83.48882,-89,-81,0,0,0,0,0,0,0,0,0,17,0,0
24.7890963,120.995071,9.859000205993652,359.7461242675781,0.0,13.5,0.59999996,-42.54,99.84718,-89,-81,0,0,0,0,0,0,0,0,0,17,0,0
24.7891082,120.9950704,9.781999588012695,0.3930034339427948,0.0,25.56,23.46,-25.14,-45.596325,-89,-81,0,0,0,0,0,0,0,0,0,17,0,0
24.7891082,120.9950704,9.781999588012695,0.3930034339427948,0.0,23.22,18.06,-32.04,-45.178425,-89,-81,0,0,0,0,0,0,0,0,0,17,0,0
24.7891082,120.9950704,9.781999588012695,0.3930034339427948,0.0,5.22,-9.24,-42.059998,89.09237,-89,-81,0,0,0,0,0,0,0,0,0,17,0,0
24.7891193,120.99507,9.83899974822998,1.211609125137329,0.0,7.8599997,5.4,-42.059998,45.753677,-89,-81,0,0,0,0,0,0,0,0,0,17,0,0
24.7891193,120.99507,9.83899974822998,1.211609125137329,0.0,29.519999,18.539999,-25.199999,157.43092,-89,-81,0,0,0,0,0,0,0,0,0,17,0,0
24.7891315,120.9950701,9.840999603271484,0.866862952709198,0.0,17.279999,7.2,-37.44,-15.269123,-89,-81,0,0,0,0,0,0,0,0,0,17,0,0
24.7891315,120.9950701,9.840999603271484,0.866862952709198,0.0,1.26,-9.42,-41.52,101.94406,-89,-81,0,0,0,0,0,0,0,0,0,17,0,0
24.7891315,120.9950701,9.840999603271484,0.866862952709198,0.0,15.42,12.12,-37.32,-10.197665,-89,-81,0,0,0,0,0,0,0,0,0,17,0,0
24.7891438,120.9950706,9.833000183105469,3.058969736099243,0.0,30.84,21.359999,-18.66,-67.61901,-89,-81,0,0,0,0,0,0,0,0,0,17,0,0
24.7891438,120.9950706,9.833000183105469,3.058969736099243,0.0,16.199999,-2.3999999,-39.48,72.03818,-89,-81,0,0,0,0,0,0,0,0,0,17,0,0
24.7891438,120.9950706,9.833000183105469,3.058969736099243,0.0,6.18,-3.72,-42.3,81.884415,-89,-81,0,0,0,0,0,0,0,0,0,17,0,0
24.7891541,120.9950718,9.913999557495117,4.79895544052124,0.0,12.54,20.82,-34.14,-45.68636,-89,-81,0,0,0,0,0,0,0,0,0,17,0,0
24.7891541,120.9950718,9.913999557495117,4.79895544052124,0.0,22.5,13.62,-33.48,-52.91969,-89,-81,0,0,0,0,0,0,0,0,0,17,0,0
24.7891541,120.9950718,9.913999557495117,4.79895544052124,0.0,0.78,-12.9,-41.34,95.18769,-89,-81,0,0,0,0,0,0,0,0,0,17,0,0
24.7891541,120.9950718,9.913999557495117,4.79895544052124,0.0,10.44,3.36,-41.94,41.855293,-89,-81,0,0,0,0,0,0,0,0,0,17,0,0
24.789166,120.9950723,9.881999969482422,2.6195709705352783,0.0,28.439999,19.32,-24.6,-87.63192,-89,-81,0,0,0,0,0,0,0,0,0,17,0,0
24.789166,120.9950723,9.881999969482422,2.6195709705352783,0.0,16.56,11.759999,-39.48,-20.610657,-89,-81,0,0,0,0,0,0,0,0,0,17,0,0
24.789166,120.9950723,9.881999969482422,2.6195709705352783,0.0,9.36,-3.1799998,-42.36,69.74678,-89,-81,0,0,0,0,0,0,0,0,0,17,0,0
24.7891793,120.9950719,9.854000091552734,1.5758001804351807,0.0,21.9,20.82,-31.439999,-9.313552,-89,-81,0,0,0,0,0,0,0,0,0,17,0,0
24.7891793,120.9950719,9.854000091552734,1.5758001804351807,0.0,30.599998,21.6,-24.359999,169.66954,-89,-81,0,0,0,0,0,0,0,0,0,17,0,0
24.7891924,120.9950719,9.918999671936035,2.6285314559936523,0.0,8.94,-0.96,-43.2,87.30305,-89,-81,0,0,0,0,0,0,0,0,0,17,0,0
24.7891924,120.9950719,9.918999671936035,2.6285314559936523,0.0,10.2,5.7599998,-43.379997,62.286633,-89,-81,0,0,0,0,0,0,0,0,0,17,0,0
24.7891924,120.9950719,9.918999671936035,2.6285314559936523,0.0,29.58,14.88,-29.699999,-75.98254,-89,-81,0,0,0,0,0,0,0,0,0,17,0,0
24.7891924,120.9950719,9.918999671936035,2.6285314559936523,0.0,20.34,16.56,-34.8,-32.46795,-89,-81,0,0,0,0,0,0,0,0,0,17,0,0
24.7892055,120.9950724,9.928000450134277,1.732802391052246,0.0,4.08,-9.9,-43.379997,88.60088,-89,-83,0,0,0,0,0,0,0,0,0,17,0,0
24.7892055,120.9950724,9.928000450134277,1.732802391052246,0.0,12.12,6.0,-41.94,5.771741,-89,-83,0,0,0,0,0,0,0,0,0,17,0,0
24.7892055,120.9950724,9.928000450134277,1.732802391052246,0.0,30.779999,14.5199995,-26.76,-90.07451,-89,-83,0,0,0,0,0,0,0,0,0,17,0,0
24.7892203,120.9950734,9.973999977111816,1.2007088661193848,0.0,14.219999,7.44,-40.44,-2.7460923,-89,-83,0,0,0,0,0,0,0,0,0,17,0,0
24.789233,120.9950732,9.982000350952148,1.2803512811660767,0.0,3.78,-1.56,-44.04,92.13109,-89,-83,0,0,0,0,0,0,0,0,0,17,0,0
24.789233,120.9950732,9.982000350952148,1.2803512811660767,0.0,9.84,15.0,-39.719997,-22.014444,-89,-83,0,0,0,0,0,0,0,0,0,17,0,0
24.789233,120.9950732,9.982000350952148,1.2803512811660767,0.0,24.48,17.22,-30.599998,-48.630142,-89,-83,0,0,0,0,0,0,0,0,0,17,0,0
24.7892461,120.995073,9.996000289916992,1.9393187761306763,0.0,3.12,-0.59999996,-44.76,86.44439,-89,-83,0,0,0,0,0,0,0,0,0,17,0,0
24.7892461,120.995073,9.996000289916992,1.9393187761306763,0.0,10.38,15.42,-39.899998,32.186787,-89,-83,0,0,0,0,0,0,0,0,0,17,0,0
24.7892461,120.995073,9.996000289916992,1.9393187761306763,0.0,27.96,22.38,-24.96,-87.25469,-89,-83,0,0,0,0,0,0,0,0,0,17,0,0
24.7892594,120.995074,10.038999557495117,2.424297571182251,0.0,12.179999,14.46,-39.18,-24.355158,-89,-83,0,0,0,0,0,0,0,0,0,17,0,0
24.7892594,120.995074,10.038999557495117,2.424297571182251,0.0,-4.62,-1.26,-44.579998,94.57854,-89,-83,0,0,0,0,0,0,0,0,0,17,0,0
24.789273,120.995075,10.060999870300293,2.3169188499450684,0.0,12.0,17.58,-37.98,-23.512873,-89,-83,0,0,0,0,0,0,0,0,0,17,0,0
24.789273,120.995075,10.060999870300293,2.3169188499450684,0.0,28.26,16.98,-28.199999,-135.99568,-89,-88,0,0,0,0,0,0,0,0,0,17,0,0
24.789273,120.995075,10.060999870300293,2.3169188499450684,0.0,11.5199995,-5.58,-41.28,68.61028,-89,-88,0,0,0,0,0,0,0,0,0,17,0,0
24.789273,120.995075,10.060999870300293,2.3169188499450684,0.0,5.1,-0.29999998,-42.48,93.40794,-89,-88,0,0,0,0,0,0,0,0,0,17,0,0
24.7892853,120.9950764,10.053000450134277,2.2453737258911133,0.0,22.14,22.859999,-27.9,-39.037422,-89,-88,0,0,0,0,0,0,0,0,0,17,0,0
24.7892853,120.9950764,10.053000450134277,2.2453737258911133,0.0,27.96,19.74,-24.06,-50.228436,-89,-88,0,0,0,0,0,0,0,0,0,17,0,0
24.7892853,120.9950764,10.053000450134277,2.2453737258911133,0.0,8.22,-2.58,-42.36,106.562035,-89,-88,0,0,0,0,0,0,0,0,0,17,0,0
24.7892968,120.9950773,10.001999855041504,2.4365081787109375,0.0,8.34,13.38,-39.96,30.03924,-89,-88,0,0,0,0,0,0,0,0,0,17,0,0
24.7892968,120.9950773,10.001999855041504,2.4365081787109375,0.0,29.699999,21.42,-21.42,-75.057205,-89,-88,0,0,0,0,0,0,0,0,0,17,0,0
24.7892968,120.9950773,10.001999855041504,2.4365081787109375,0.0,17.46,4.56,-39.78,-22.69792,-89,-88,0,0,0,0,0,0,0,0,0,17,0,0
24.7892968,120.9950773,10.001999855041504,2.4365081787109375,0.0,6.96,-1.0799999,-42.96,84.63624,-89,-88,0,0,0,0,0,0,0,0,0,17,0,0
24.7893088,120.9950773,10.072999954223633,1.8895108699798584,0.0,24.24,17.82,-29.76,-33.774143,-89,-88,0,0,0,0,0,0,0,0,0,17,0,0
24.7893208,120.995076,10.015000343322754,1.273045301437378,0.0,34.44,11.94,-22.02,-106.5543,-89,-88,0,0,0,0,0,0,0,0,0,17,0,0
24.7893208,120.995076,10.015000343322754,1.273045301437378,0.0,14.46,-5.94,-39.66,93.490326,-89,-88,0,0,0,0,0,0,0,0,0,17,0,0
24.7893208,120.995076,10.015000343322754,1.273045301437378,0.0,11.7,3.36,-39.899998,66.77192,-89,-88,0,0,0,0,0,0,0,0,0,17,0,0
24.7893305,120.9950734,9.942000389099121,0.028885118663311005,0.0,32.52,13.92,-23.519999,-103.47129,-89,-88,0,0,0,0,0,0,0,0,0,17,0,0
24.7893305,120.9950734,9.942000389099121,0.028885118663311005,0.0,24.84,6.72,-34.079998,-57.711075,-89,-88,0,0,0,0,0,0,0,0,0,17,0,0
24.7893409,120.9950719,9.925999641418457,358.94976806640625,0.0,9.48,-4.98,-40.559998,116.51016,-89,-88,0,0,0,0,0,0,0,0,0,17,0,0
24.7893409,120.9950719,9.925999641418457,358.94976806640625,0.0,28.56,12.36,-28.32,-37.22048,-89,-88,0,0,0,0,0,0,0,0,0,17,0,0
24.7893409,120.9950719,9.925999641418457,358.94976806640625,0.0,39.239998,10.559999,-15.96,-138.09364,-89,-88,0,0,0,0,0,0,0,0,0,17,0,0
24.7893527,120.9950709,9.913000106811523,357.9518737792969,0.0,23.58,-2.28,-37.02,37.966423,-89,-88,0,0,0,0,0,0,0,0,0,17,0,0
24.7893527,120.9950709,9.913000106811523,357.9518737792969,0.0,21.18,3.6599998,-36.239998,81.801926,-89,-88,0,0,0,0,0,0,0,0,0,17,0,0
24.7893527,120.9950709,9.913000106811523,357.9518737792969,0.0,33.42,16.199999,-21.18,-43.74087,-89,-88,0,0,0,0,0,0,0,0,0,17,0,0
24.7893527,120.9950709,9.913000106811523,357.9518737792969,0.0,30.119999,11.639999,-28.8,-66.3094,-89,-88,0,0,0,0,0,0,0,0,0,17,0,0
24.7893643,120.9950683,9.918000221252441,356.0683898925781,0.0,12.54,-3.4199998,-40.44,97.18944,-89,-88,0,0,0,0,0,0,0,0,0,17,0,0
24.7893643,120.9950683,9.918000221252441,356.0683898925781,0.0,20.22,10.44,-36.0,11.556838,-89,-88,0,0,0,0,0,0,0,0,0,17,0,0
24.7893753,120.995066,9.871000289916992,355.1427917480469,0.0,36.48,15.0,-18.66,-155.59291,-89,-88,0,0,0,0,0,0,0,0,0,17,0,0
24.7893753,120.995066,9.871000289916992,355.1427917480469,0.0,25.38,6.24,-34.38,-51.552048,-89,-88,0,0,0,0,0,0,0,0,0,17,0,0
24.7893753,120.995066,9.871000289916992,355.1427917480469,0.0,15.96,-0.78,-40.14,91.963745,-89,-88,0,0,0,0,0,0,0,0,0,17,0,0
24.7893842,120.9950625,9.866000175476074,353.1524353027344,0.0,33.66,10.62,-26.16,-42.90593,-89,-88,0,0,0,0,0,0,0,0,0,17,0,0
24.7893842,120.9950625,9.866000175476074,353.1524353027344,0.0,38.1,7.74,-18.84,-95.12538,-89,-88,0,0,0,0,0,0,0,0,0,17,0,0
24.7893942,120.9950595,9.883000373840332,352.05877685546875,0.0,21.24,-1.14,-37.079998,67.62026,-89,-88,0,0,0,0,0,0,0,0,0,17,0,0
24.7893942,120.9950595,9.883000373840332,352.05877685546875,0.0,20.58,7.8599997,-37.02,18.42657,-89,-88,0,0,0,0,0,0,0,0,0,17,0,0
24.7893942,120.9950595,9.883000373840332,352.05877685546875,0.0,34.92,11.82,-22.74,-81.98634,-89,-88,0,0,0,0,0,0,0,0,0,17,0,0
24.7893942,120.9950595,9.883000373840332,352.05877685546875,0.0,24.539999,6.3599997,-36.12,-69.68021,-89,-88,0,0,0,0,0,0,0,0,0,17,0,0
24.7894027,120.9950545,9.876999855041504,349.4036560058594,0.0,14.04,0.12,-40.86,91.60808,-89,-88,0,0,0,0,0,0,0,0,0,17,0,0
24.7894027,120.9950545,9.876999855041504,349.4036560058594,0.0,28.98,19.92,-24.6,-25.030973,-89,-88,0,0,0,0,0,0,0,0,0,17,0,0
24.7894136,120.995051,9.845000267028809,348.61181640625,0.0,38.219997,19.98,-9.0,-61.242474,-89,-88,0,0,0,0,0,0,0,0,0,17,0,0
24.7894136,120.995051,9.845000267028809,348.61181640625,0.0,31.199999,7.68,-29.4,-58.6383,-89,-88,0,0,0,0,0,0,0,0,0,17,0,0
24.7894136,120.995051,9.845000267028809,348.61181640625,0.0,16.199999,6.2999997,-40.02,90.84191,-89,-88,0,0,0,0,0,0,0,0,0,17,0,0
24.7894136,120.995051,9.845000267028809,348.61181640625,0.0,25.8,17.34,-29.22,-42.15314,-89,-88,0,0,0,0,0,0,0,0,0,17,0,0
24.7894136,120.995051,9.845000267028809,348.61181640625,0.0,37.14,14.04,-15.66,-82.84433,-89,-88,0,0,0,0,0,0,0,0,0,17,0,0
24.7894244,120.9950455,9.939000129699707,346.50384521484375,0.0,20.64,2.04,-37.86,61.922432,-89,-88,0,0,0,0,0,0,0,0,0,17,0,0
24.7894244,120.9950455,9.939000129699707,346.50384521484375,0.0,15.48,8.5199995,-38.94,42.192978,-89,-88,0,0,0,0,0,0,0,0,0,17,0,0
24.7894244,120.9950455,9.939000129699707,346.50384521484375,0.0,32.52,15.42,-22.8,140.52872,-89,-88,0,0,0,0,0,0,0,0,0,17,0,0
24.7894244,120.9950455,9.939000129699707,346.50384521484375,0.0,31.619999,13.139999,-25.68,-55.922108,-89,-88,0,0,0,0,0,0,0,0,0,17,0,0
24.7894436,120.9950368,10.055999755859375,344.2660827636719,0.0,16.92,5.4,-38.879997,90.18915,-89,-88,0,0,0,0,0,0,0,0,0,17,0,0
24.7894436,120.9950368,10.055999755859375,344.2660827636719,0.0,29.88,14.04,-27.06,-44.64235,-89,-88,0,0,0,0,0,0,0,0,0,17,0,0
24.7894436,120.9950368,10.055999755859375,344.2660827636719,0.0,39.719997,12.3,-12.48,-111.81602,-89,-88,0,0,0,0,0,0,0,0,0,17,0,0
24.7894533,120.9950305,10.08899974822998,342.748291015625,0.0,25.68,4.38,-34.62,32.60915,-89,-88,0,0,0,0,0,0,0,0,0,17,0,0
24.7894533,120.9950305,10.08899974822998,342.748291015625,0.0,18.359999,10.62,-36.239998,72.86306,-89,-88,0,0,0,0,0,0,0,0,0,17,0,0
24.7894636,120.9950244,10.107999801635742,341.7362060546875,0.0,33.239998,19.619999,-18.9,-49.307137,-89,-88,0,0,0,0,0,0,0,0,0,17,0,0
24.7894636,120.9950244,10.107999801635742,341.7362060546875,0.0,39.0,17.1,-10.139999,-63.85027,-89,-88,0,0,0,0,0,0,0,0,0,17,0,0
24.7894636,120.9950244,10.107999801635742,341.7362060546875,0.0,27.66,4.68,-32.46,88.42444,-89,-88,0,0,0,0,0,0,0,0,0,17,0,0
24.7894636,120.9950244,10.107999801635742,341.7362060546875,0.0,24.0,16.619999,-30.779999,19.548279,-89,-88,0,0,0,0,0,0,0,0,0,17,0,0
24.7894733,120.9950154,10.076000213623047,339.1343994140625,0.0,38.28,18.119999,-6.18,-147.75426,-89,-88,0,0,0,0,0,0,0,0,0,17,0,0
24.7894733,120.9950154,10.076000213623047,339.1343994140625,0.0,36.899998,8.5199995,-18.96,-70.171646,-89,-88,0,0,0,0,0,0,0,0,0,17,0,0
24.7894835,120.9950081,10.041999816894531,337.630615234375,0.0,23.1,3.78,-36.12,104.64127,-89,-88,0,0,0,0,0,0,0,0,0,17,0,0
24.7894835,120.9950081,10.041999816894531,337.630615234375,0.0,31.439999,14.759999,-24.119999,-37.695477,-84,0,0,0,0,0,0,0,-62,0,0,17,0,0
24.7894835,120.9950081,10.041999816894531,337.630615234375,0.0,44.579998,6.54,-1.56,-115.508705,-84,0,0,0,0,0,0,0,-62,0,0,17,0,0
24.7894938,120.9950002,10.043000221252441,335.9477233886719,0.0,33.239998,0.65999997,-28.199999,-63.974934,-84,0,0,0,0,0,0,0,-62,0,0,17,0,0
24.7894938,120.9950002,10.043000221252441,335.9477233886719,0.0,23.58,6.8399997,-33.0,88.87071,-84,0,0,0,0,0,0,0,-62,0,0,17,0,0
24.7894938,120.9950002,10.043000221252441,335.9477233886719,0.0,37.92,12.48,-13.44,-59.755352,-84,0,0,0,0,0,0,0,-62,0,0,17,0,0
24.7894938,120.9950002,10.043000221252441,335.9477233886719,0.0,43.68,6.8399997,-1.0799999,-108.15843,-84,0,0,0,0,0,0,0,-62,0,0,17,0,0
24.7895048,120.9949904,10.006999969482422,333.2346496582031,0.0,29.939999,5.64,-27.24,89.5536,-84,0,0,0,0,0,0,0,-62,0,0,17,0,0
24.7895048,120.9949904,10.006999969482422,333.2346496582031,0.0,28.08,13.74,-26.4,57.34086,-84,0,0,0,0,0,0,0,-62,0,0,17,0,0
24.7895146,120.994983,10.010000228881836,332.174072265625,0.0,40.739998,14.88,-1.38,-122.9345,-84,0,0,0,0,0,0,0,-62,0,0,17,0,0
24.7895146,120.994983,10.010000228881836,332.174072265625,0.0,42.42,10.2,-7.02,-74.00431,-84,0,0,0,0,0,0,0,-62,0,0,17,0,0
24.7895146,120.994983,10.010000228881836,332.174072265625,0.0,29.4,7.98,-29.58,89.87093,-84,0,0,0,0,0,0,0,-62,0,0,17,0,0
24.7895146,120.994983,10.010000228881836,332.174072265625,0.0,32.76,23.1,-13.92,-42.388424,-84,0,0,0,0,0,0,0,-62,0,0,17,0,0
24.7895243,120.9949717,9.97599983215332,329.2261962890625,0.0,44.34,13.139999,5.7,-127.43981,-84,0,0,0,0,0,0,0,-62,0,0,17,0,0
24.7895328,120.9949634,9.92300033569336,328.1680603027344,0.0,37.2,9.54,-18.96,-82.4278,-84,0,0,0,0,0,0,0,-62,0,0,17,0,0
24.7895328,120.9949634,9.92300033569336,328.1680603027344,0.0,26.22,10.92,-30.24,68.36898,-84,0,0,0,0,0,0,0,-62,0,0,17,0,0
24.7895328,120.9949634,9.92300033569336,328.1680603027344,0.0,37.98,19.5,-5.22,-58.57775,-84,0,0,0,0,0,0,0,-62,0,0,17,0,0
24.7895328,120.9949634,9.92300033569336,328.1680603027344,0.0,43.8,8.22,8.82,-95.04458,-84,0,0,0,0,0,0,0,-62,0,0,17,0,0
24.7895406,120.994952,9.967000007629395,325.6793518066406,0.0,34.26,11.639999,-22.5,133.36589,-84,0,0,0,0,0,0,0,-62,0,0,17,0,0
24.7895406,120.994952,9.967000007629395,325.6793518066406,0.0,30.119999,21.119999,-23.58,20.178326,-84,0,0,0,0,0,0,0,-62,0,0,17,0,0
24.7895498,120.9949432,10.008000373840332,325.11395263671875,0.0,43.26,16.98,2.3999999,-108.88831,-84,0,0,0,0,0,0,0,-62,0,0,17,0,0
24.7895498,120.9949432,10.008000373840332,325.11395263671875,0.0,45.12,9.059999,-7.74,-73.573616,-84,0,0,0,0,0,0,0,-62,0,0,17,0,0
24.7895498,120.9949432,10.008000373840332,325.11395263671875,0.0,42.059998,9.599999,-15.24,161.11787,-84,0,0,0,0,0,0,0,-62,0,0,17,0,0
24.7895498,120.9949432,10.008000373840332,325.11395263671875,0.0,44.399998,15.059999,-1.56,-64.66247,-84,0,0,0,0,0,0,0,-62,0,0,17,0,0
24.7895578,120.9949318,10.02400016784668,323.1070251464844,0.0,46.739998,7.02,11.34,-148.84096,-84,0,0,0,0,0,0,0,-62,0,0,17,0,0
24.7895655,120.9949227,10.020000457763672,321.7914123535156,0.0,43.68,4.3199997,-15.299999,-87.4351,-84,0,0,0,0,0,0,0,-62,0,0,17,0,0
24.7895655,120.9949227,10.020000457763672,321.7914123535156,0.0,37.86,10.92,-22.199999,78.152466,-84,0,0,0,0,0,0,0,-62,0,0,17,0,0
24.7895655,120.9949227,10.020000457763672,321.7914123535156,0.0,48.36,8.22,-0.53999996,-80.59696,-84,0,0,0,0,0,0,0,-62,0,0,17,0,0
24.7895655,120.9949227,10.020000457763672,321.7914123535156,0.0,49.14,3.84,1.92,-87.57362,-84,0,0,0,0,0,0,0,-62,0,0,17,0,0
24.7895723,120.9949117,10.008000373840332,319.44744873046875,0.0,38.34,3.6,-24.6,121.13552,-84,0,0,0,0,0,0,0,-62,0,0,17,0,0
24.7895723,120.9949117,10.008000373840332,319.44744873046875,0.0,39.54,9.48,-22.26,-25.879236,-84,0,0,0,0,0,0,0,-62,0,0,17,0,0
24.7895789,120.9949001,10.015000343322754,317.54071044921875,0.0,47.7,4.8599997,0.42,-144.33734,-84,0,0,0,0,0,0,0,-62,0,0,17,0,0
24.7895789,120.9949001,10.015000343322754,317.54071044921875,0.0,45.36,2.82,-10.8,-76.63743,-84,0,0,0,0,0,0,0,-62,0,0,17,0,0
24.7895789,120.9949001,10.015000343322754,317.54071044921875,0.0,36.719997,7.98,-24.18,115.74385,-85,0,0,0,0,0,0,0,-75,0,0,17,0,0
24.7895789,120.9949001,10.015000343322754,317.54071044921875,0.0,42.899998,11.7,-11.4,-63.819305,-85,0,0,0,0,0,0,0,-75,0,0,17,0,0
24.7895853,120.9948889,10.029999732971191,316.1651611328125,0.0,45.96,-2.9399998,12.54,-130.2623,-85,0,0,0,0,0,0,0,-75,0,0,17,0,0
24.7895925,120.9948768,10.017000198364258,314.9054260253906,0.0,45.239998,-5.3399997,-3.0,-95.96032,-85,0,0,0,0,0,0,0,-75,0,0,17,0,0
24.7895925,120.9948768,10.017000198364258,314.9054260253906,0.0,41.7,4.14,-17.82,88.621666,-85,0,0,0,0,0,0,0,-75,0,0,17,0,0
24.7895925,120.9948768,10.017000198364258,314.9054260253906,0.0,44.64,4.68,-3.84,-82.60136,-85,0,0,0,0,0,0,0,-75,0,0,17,0,0
24.7895925,120.9948768,10.017000198364258,314.9054260253906,0.0,45.66,-3.84,3.12,-101.57142,-85,0,0,0,0,0,0,0,-75,0,0,17,0,0
24.7895925,120.9948768,10.017000198364258,314.9054260253906,0.0,41.34,1.8,-13.98,167.41609,-85,0,0,0,0,0,0,0,-75,0,0,17,0,0
24.789599,120.9948652,10.036999702453613,313.53662109375,0.0,43.26,5.8799996,-11.34,-49.891945,-85,0,0,0,0,0,0,0,-75,0,0,17,0,0
24.7896061,120.9948541,10.001999855041504,312.3873596191406,0.0,45.66,-4.2,3.1799998,-173.70406,-85,0,0,0,0,0,0,0,-75,0,0,17,0,0
24.7896061,120.9948541,10.001999855041504,312.3873596191406,0.0,45.239998,-5.94,-4.68,-86.8743,-85,0,0,0,0,0,0,0,-75,0,0,17,0,0
24.7896061,120.9948541,10.001999855041504,312.3873596191406,0.0,43.92,1.14,-12.48,111.524864,-85,0,0,0,0,0,0,0,-75,0,0,17,0,0
24.7896117,120.9948421,9.970000267028809,310.28350830078125,0.0,45.18,2.34,2.58,-83.94438,-85,0,0,0,0,0,0,0,-75,0,0,17,0,0
24.7896117,120.9948421,9.970000267028809,310.28350830078125,0.0,45.0,-8.58,7.3199997,-145.48392,-85,0,0,0,0,0,0,0,-75,0,0,17,0,0
24.7896155,120.9948305,9.934000015258789,308.3817138671875,0.0,42.12,-7.2599998,-13.92,-81.32914,-85,0,0,0,0,0,0,0,-75,0,0,17,0,0
24.7896155,120.9948305,9.934000015258789,308.3817138671875,0.0,45.239998,-3.24,-9.84,-94.42383,-85,0,0,0,0,0,0,0,-75,0,0,17,0,0
24.7896155,120.9948305,9.934000015258789,308.3817138671875,0.0,45.78,-12.42,4.68,-163.99731,-85,0,0,0,0,0,0,0,-75,0,0,17,0,0
24.7896195,120.9948169,9.975000381469727,306.5157470703125,0.0,42.96,-14.16,-0.42,-110.6596,-85,0,0,0,0,0,0,0,-75,0,0,17,0,0
24.7896195,120.9948169,9.975000381469727,306.5157470703125,0.0,44.46,-4.8599997,-11.4,139.48119,-85,0,0,0,0,0,0,0,-75,0,0,17,0,0
24.7896195,120.9948169,9.975000381469727,306.5157470703125,0.0,45.48,-7.3199997,-0.59999996,-93.049126,-85,0,0,0,0,0,0,0,-75,0,0,17,0,0
24.7896195,120.9948169,9.975000381469727,306.5157470703125,0.0,43.32,-17.64,7.3199997,178.1489,-85,0,0,0,0,0,0,0,-75,0,0,17,0,0
24.7896236,120.994804,10.059000015258789,304.7350158691406,0.0,42.54,-18.66,-4.2,-104.590385,-85,0,0,0,0,0,0,0,-75,0,0,17,0,0
24.7896236,120.994804,10.059000015258789,304.7350158691406,0.0,43.62,-10.38,-9.96,135.10744,-85,0,0,0,0,0,0,0,-75,0,0,17,0,0
24.789629,120.9947922,10.008999824523926,304.0326232910156,0.0,46.26,-10.26,0.42,-100.98935,-85,0,0,0,0,0,0,0,-75,0,0,17,0,0
24.789629,120.9947922,10.008999824523926,304.0326232910156,0.0,41.579998,-16.08,4.3199997,-153.24203,-85,0,0,0,0,0,0,0,-75,0,0,17,0,0
24.789629,120.9947922,10.008999824523926,304.0326232910156,0.0,40.92,-12.059999,-11.7,-141.40102,-85,0,0,0,0,0,0,0,-75,0,0,17,0,0
24.789629,120.9947922,10.008999824523926,304.0326232910156,0.0,42.0,-4.44,-7.8599997,-87.17048,-85,0,0,0,0,0,0,0,-75,0,0,17,0,0
24.7896322,120.9947784,9.819000244140625,301.67340087890625,0.0,42.42,-11.5199995,3.84,172.13678,-85,0,0,0,0,0,0,0,-75,0,0,17,0,0
24.7896322,120.9947784,9.819000244140625,301.67340087890625,0.0,38.46,-13.62,-9.9,-105.330925,-85,0,0,0,0,0,0,0,-75,0,0,17,0,0
24.7896367,120.9947672,9.805000305175781,300.3949279785156,0.0,37.98,-6.54,-16.859999,136.74329,-85,0,0,0,0,0,0,0,-75,0,0,17,0,0
24.7896367,120.9947672,9.805000305175781,300.3949279785156,0.0,42.3,-6.3599997,-2.52,-94.906845,-85,0,0,0,0,0,0,0,-75,0,0,17,0,0
24.7896367,120.9947672,9.805000305175781,300.3949279785156,0.0,39.78,-18.06,6.2999997,154.37119,-85,0,0,0,0,0,0,0,-75,0,0,17,0,0
24.7896367,120.9947672,9.805000305175781,300.3949279785156,0.0,36.48,-18.96,-11.4,-122.906715,-86,0,0,0,0,0,0,0,-75,0,0,17,0,0
24.7896413,120.9947556,9.779000282287598,299.10760498046875,0.0,39.059998,-10.86,-9.719999,-138.91626,-86,0,0,0,0,0,0,0,-75,0,0,17,0,0
24.7896446,120.9947456,9.817999839782715,297.7624816894531,0.0,38.16,-18.359999,-5.8799996,-144.33574,-86,0,0,0,0,0,0,0,-75,0,0,17,0,0
24.7896446,120.9947456,9.817999839782715,297.7624816894531,0.0,33.239998,-22.74,-9.48,-123.44459,-86,0,0,0,0,0,0,0,-75,0,0,17,0,0
24.7896446,120.9947456,9.817999839782715,297.7624816894531,0.0,36.42,-15.839999,-14.82,131.38437,-86,0,0,0,0,0,0,0,-75,0,0,17,0,0
24.7896446,120.9947456,9.817999839782715,297.7624816894531,0.0,39.84,-12.12,-8.34,-94.55569,-86,0,0,0,0,0,0,0,-75,0,0,17,0,0
24.7896476,120.9947346,9.857000350952148,296.08233642578125,0.0,37.2,-19.98,7.62,-175.11305,-86,0,0,0,0,0,0,0,-75,0,0,17,0,0
24.7896503,120.9947226,9.829999923706055,294.5294494628906,0.0,36.0,-19.08,-7.7999997,-90.74363,-86,0,0,0,0,0,0,0,-75,0,0,17,0,0
24.7896503,120.9947226,9.829999923706055,294.5294494628906,0.0,39.239998,-8.34,-14.16,109.7747,-86,0,0,0,0,0,0,0,-75,0,0,17,0,0
24.7896503,120.9947226,9.829999923706055,294.5294494628906,0.0,41.219997,-12.12,-1.0799999,-106.40366,-86,0,0,0,0,0,0,0,-75,0,0,17,0,0
24.7896503,120.9947226,9.829999923706055,294.5294494628906,0.0,38.64,-19.26,-4.02,-122.640076,-86,0,0,0,0,0,0,0,-75,0,0,17,0,0
24.7896529,120.9947111,9.789999961853027,293.3429870605469,0.0,39.36,-14.7,-9.78,129.81326,-86,0,0,0,0,0,0,0,-75,0,0,17,0,0
24.7896529,120.9947111,9.789999961853027,293.3429870605469,0.0,42.36,-10.92,-4.56,-101.15797,-86,0,0,0,0,0,0,0,-75,0,0,17,0,0
24.7896551,120.9946978,9.732999801635742,292.00115966796875,0.0,38.34,-18.96,5.7,-143.10095,-86,0,0,0,0,0,0,0,-75,0,0,17,0,0
24.7896551,120.9946978,9.732999801635742,292.00115966796875,0.0,34.68,-25.5,-1.8,-124.76119,-86,0,0,0,0,0,0,0,-75,0,0,17,0,0
24.7896551,120.9946978,9.732999801635742,292.00115966796875,0.0,40.2,-11.94,-2.76,149.97652,-86,0,0,0,0,0,0,0,-75,0,0,17,0,0
24.7896564,120.9946847,9.732000350952148,290.4364318847656,0.0,40.26,-13.799999,5.94,-107.609825,-86,0,0,0,0,0,0,0,-75,0,0,17,0,0
24.7896564,120.9946847,9.732000350952148,290.4364318847656,0.0,38.04,-18.9,2.82,147.8121,-86,0,0,0,0,0,0,0,-75,0,0,17,0,0
24.7896571,120.9946729,9.895999908447266,288.6424255371094,0.0,38.219997,-17.82,-3.78,-108.06861,-86,0,0,0,0,0,0,0,-75,0,0,17,0,0
24.7896571,120.9946729,9.895999908447266,288.6424255371094,0.0,40.379997,-11.7,-5.22,121.32577,-86,0,0,0,0,0,0,0,-75,0,0,17,0,0
24.7896571,120.9946729,9.895999908447266,288.6424255371094,0.0,39.0,-19.5,-3.36,-114.12383,-86,0,0,0,0,0,0,0,-75,0,0,17,0,0
24.7896571,120.9946729,9.895999908447266,288.6424255371094,0.0,37.14,-23.88,-2.52,-132.48569,-86,0,0,0,0,0,0,0,-75,0,0,17,0,0
24.7896567,120.994659,9.986000061035156,286.30517578125,0.0,41.64,-14.46,0.12,141.50482,-86,0,0,0,0,0,0,0,-75,0,0,17,0,0
24.7896567,120.994659,9.986000061035156,286.30517578125,0.0,43.379997,-13.74,4.02,-96.86571,-86,0,0,0,0,0,0,0,-75,0,0,17,0,0
24.7896583,120.9946474,9.991000175476074,285.8684387207031,0.0,38.219997,-22.56,5.22,-156.43394,-86,0,0,0,0,0,0,0,-75,0,0,17,0,0
24.7896583,120.9946474,9.991000175476074,285.8684387207031,0.0,37.62,-24.0,-6.48,-119.655464,-86,0,0,0,0,0,0,0,-75,0,0,17,0,0
24.7896583,120.9946474,9.991000175476074,285.8684387207031,0.0,40.68,-14.34,-6.66,138.20695,-86,0,0,0,0,0,0,0,-75,0,0,17,0,0
24.7896584,120.9946352,9.977999687194824,284.4766540527344,0.0,42.18,-16.14,-2.76,-107.979965,-86,0,0,0,0,0,0,0,-75,0,0,17,0,0
24.7896584,120.9946352,9.977999687194824,284.4766540527344,0.0,36.12,-22.08,4.14,-173.0461,-86,0,0,0,0,0,0,0,-75,0,0,17,0,0
24.7896601,120.9946248,9.980999946594238,283.7756652832031,0.0,35.64,-23.4,-4.62,-122.3562,-86,0,0,0,0,0,0,0,-75,0,0,17,0,0
24.7896601,120.9946248,9.980999946594238,283.7756652832031,0.0,41.82,-9.36,-4.74,123.264206,-86,0,0,0,0,0,0,0,-75,0,0,17,0,0
24.7896601,120.9946248,9.980999946594238,283.7756652832031,0.0,42.84,-12.96,1.4399999,-98.25892,-86,0,0,0,0,0,0,0,-75,0,0,17,0,0
24.7896601,120.9946248,9.980999946594238,283.7756652832031,0.0,38.7,-18.84,6.96,-134.64159,-86,0,0,0,0,0,0,0,-75,0,0,17,0,0
24.7896601,120.9946133,9.970999717712402,281.9764709472656,0.0,39.12,-14.4,-11.219999,125.52654,-86,0,0,0,0,0,0,0,-75,0,0,17,0,0
24.7896601,120.9946133,9.970999717712402,281.9764709472656,0.0,40.14,-9.599999,-12.12,-111.58719,-86,0,0,0,0,0,0,0,-75,0,0,17,0,0
24.7896611,120.9946006,10.13700008392334,281.51513671875,0.0,41.04,-15.48,3.48,-134.5927,-86,0,0,0,0,0,0,0,-75,0,0,17,0,0
24.7896611,120.9946006,10.13700008392334,281.51513671875,0.0,37.92,-13.62,-10.38,-104.0164,-86,0,0,0,0,0,0,0,-75,0,0,17,0,0
24.7896611,120.9946006,10.13700008392334,281.51513671875,0.0,36.78,-5.94,-17.64,156.02354,-86,0,0,0,0,0,0,0,-75,0,0,17,0,0
24.7896611,120.9946006,10.13700008392334,281.51513671875,0.0,41.1,-4.74,-12.0,-78.32536,-86,0,0,0,0,0,0,0,-75,0,0,17,0,0
24.7896596,120.9945872,10.1899995803833,280.0078430175781,0.0,41.16,-13.679999,4.3199997,-140.61884,-86,0,0,0,0,0,0,0,-75,0,0,17,0,0
24.7896596,120.9945872,10.1899995803833,280.0078430175781,0.0,36.6,-17.94,-8.46,-112.589386,-86,0,0,0,0,0,0,0,-75,0,0,17,0,0
24.7896584,120.9945771,10.12399959564209,278.6877746582031,0.0,41.1,-8.88,-8.82,169.59985,-86,0,0,0,0,0,0,0,-75,0,0,17,0,0
24.7896584,120.9945771,10.12399959564209,278.6877746582031,0.0,40.8,-12.84,-1.86,-98.9686,-86,0,0,0,0,0,0,0,-75,0,0,17,0,0
24.7896584,120.9945771,10.12399959564209,278.6877746582031,0.0,37.739998,-20.16,-0.9,-166.19475,-86,0,0,0,0,0,0,0,-75,0,0,17,0,0
24.7896553,120.994567,9.956999778747559,276.2720947265625,0.0,35.16,-21.539999,-10.139999,-134.6843,-86,0,0,0,0,0,0,0,-75,0,0,17,0,0
24.7896553,120.994567,9.956999778747559,276.2720947265625,0.0,38.7,-10.679999,-12.719999,128.1668,-86,0,0,0,0,0,0,0,-75,0,0,17,0,0
24.7896524,120.9945568,9.951000213623047,273.99560546875,0.0,37.92,-19.26,-4.92,-113.822586,-86,0,0,0,0,0,0,0,-75,0,0,17,0,0
24.7896524,120.9945568,9.951000213623047,273.99560546875,0.0,30.96,-27.359999,-7.3199997,-132.19609,-86,0,0,0,0,0,0,0,-75,0,0,17,0,0
24.7896524,120.9945568,9.951000213623047,273.99560546875,0.0,33.48,-22.14,-14.82,162.91628,-86,0,0,0,0,0,0,0,-75,0,0,17,0,0
24.7896524,120.9945568,9.951000213623047,273.99560546875,0.0,36.3,-17.58,-13.799999,-120.18576,-86,0,0,0,0,0,0,0,-75,0,0,17,0,0
24.7896491,120.9945465,10.029000282287598,271.44873046875,0.0,34.38,-24.96,-5.52,-166.37263,-86,0,0,0,0,0,0,0,-75,0,0,17,0,0
24.7896453,120.9945363,10.032999992370605,269.0048828125,0.0,31.32,-27.66,-10.92,-126.063286,-86,0,0,0,0,0,0,0,-75,0,0,17,0,0
24.7896453,120.9945363,10.032999992370605,269.0048828125,0.0,39.059998,-13.98,-10.8,142.92586,-86,0,0,0,0,0,0,0,-75,0,0,17,0,0
24.7896453,120.9945363,10.032999992370605,269.0048828125,0.0,40.379997,-9.059999,-10.5,-117.78038,-86,0,0,0,0,0,0,0,-75,0,0,17,0,0
24.7896453,120.9945363,10.032999992370605,269.0048828125,0.0,35.579998,-25.8,-2.22,-155.23007,0,-97,0,0,-86,0,0,0,0,0,0,17,0,0
24.7896417,120.9945274,10.008999824523926,266.9140625,0.0,31.26,-26.519999,-10.08,-134.41103,0,-97,0,0,-86,0,0,0,0,0,0,17,0,0
24.7896417,120.9945274,10.008999824523926,266.9140625,0.0,39.059998,-16.44,-7.08,129.75896,0,-97,0,0,-86,0,0,0,0,0,0,17,0,0
24.7896379,120.9945179,9.96399974822998,264.8252258300781,0.0,37.86,-20.76,-3.78,-113.38314,0,-97,0,0,-86,0,0,0,0,0,0,17,0,0
24.7896379,120.9945179,9.96399974822998,264.8252258300781,0.0,31.74,-28.92,2.1599998,-147.2734,0,-97,0,0,-86,0,0,0,0,0,0,17,0,0
24.7896379,120.9945179,9.96399974822998,264.8252258300781,0.0,34.86,-24.779999,-6.18,157.58917,0,-97,0,0,-86,0,0,0,0,0,0,17,0,0
24.7896379,120.9945179,9.96399974822998,264.8252258300781,0.0,36.3,-14.16,-15.96,-144.88643,0,-97,0,0,-86,0,0,0,0,0,0,17,0,0
24.7896335,120.9945067,9.901000022888184,262.73199462890625,0.0,30.96,-24.119999,-14.28,-125.56587,0,-97,0,0,-86,0,0,0,0,0,0,17,0,0
24.7896335,120.9945067,9.901000022888184,262.73199462890625,0.0,24.96,-30.9,-13.0199995,-137.2837,0,-97,0,0,-86,0,0,0,0,0,0,17,0,0
24.7896273,120.9944961,9.765000343322754,260.2055969238281,0.0,32.219997,-18.9,-19.68,145.98454,0,-97,0,0,-86,0,0,0,0,0,0,17,0,0
24.7896273,120.9944961,9.765000343322754,260.2055969238281,0.0,31.38,-16.32,-24.3,-96.461205,0,-97,0,0,-86,0,0,0,0,0,0,17,0,0
24.7896273,120.9944961,9.765000343322754,260.2055969238281,0.0,33.48,-24.42,-10.38,-136.51964,0,-97,0,0,-86,0,0,0,0,0,0,17,0,0
24.78962,120.9944858,9.786999702453613,257.67034912109375,0.0,24.6,-30.84,-17.22,-129.24138,0,-97,0,0,-86,0,0,0,0,0,0,17,0,0
24.78962,120.9944858,9.786999702453613,257.67034912109375,0.0,37.2,-22.08,1.5,170.57924,0,-97,0,0,-86,0,0,0,0,0,0,17,0,0
24.78962,120.9944858,9.786999702453613,257.67034912109375,0.0,35.94,-23.64,6.54,-118.51573,0,-97,0,0,-86,0,0,0,0,0,0,17,0,0
24.789613,120.9944756,9.909000396728516,255.29290771484375,0.0,26.039999,-32.52,-0.65999997,-163.76886,0,-97,0,0,-86,0,0,0,0,0,0,17,0,0
24.789571,120.9944085,10.036999702453613,244.87130737304688,0.0,33.239998,-30.179998,6.7799997,-126.98834,0,0,0,0,-93,-95,0,0,0,0,0,17,0,0
24.789571,120.9944085,10.036999702453613,244.87130737304688,0.0,39.36,-23.4,-1.14,-173.73184,0,0,0,0,-93,-95,0,0,0,0,0,17,0,0
24.7895655,120.9943981,10.029000282287598,244.60882568359375,0.0,34.62,-29.939999,4.8599997,-131.20616,0,0,0,0,-93,-95,0,0,0,0,0,17,0,0
24.7895655,120.9943981,10.029000282287598,244.60882568359375,0.0,23.64,-35.7,-4.2,-139.72864,0,0,0,0,-93,-95,0,0,0,0,0,17,0,0
24.7895655,120.9943981,10.029000282287598,244.60882568359375,0.0,30.66,-31.679998,-0.17999999,165.46939,0,0,0,0,-93,-95,0,0,0,0,0,17,0,0
24.7895655,120.9943981,10.029000282287598,244.60882568359375,0.0,36.42,-25.5,0.06,-124.68113,0,0,0,0,-93,-95,0,0,0,0,0,17,0,0
24.7895655,120.9943981,10.029000282287598,244.60882568359375,0.0,26.82,-33.96,-1.4399999,-159.73883,0,0,0,0,-93,-95,0,0,0,0,0,17,0,0
24.7895586,120.9943873,10.083999633789062,244.03384399414062,0.0,22.38,-37.5,-1.9799999,-150.16348,0,0,0,0,-93,-95,0,0,0,0,0,17,0,0
24.7895539,120.9943772,10.095999717712402,243.19674682617188,0.0,37.62,-22.56,5.52,164.87695,0,0,0,0,-93,-95,0,0,0,0,0,17,0,0
24.7895485,120.9943669,10.116000175476074,242.12893676757812,0.0,36.42,-23.76,6.3599997,-119.989746,0,0,0,0,-93,-95,0,0,0,0,0,17,0,0
24.7895485,120.9943669,10.116000175476074,242.12893676757812,0.0,25.5,-34.38,-4.92,-156.76913,0,0,0,0,-93,-95,0,0,0,0,0,17,0,0
24.7895485,120.9943669,10.116000175476074,242.12893676757812,0.0,28.619999,-32.16,2.34,-149.32887,0,0,0,0,-93,-95,0,0,0,0,0,17,0,0
24.7895485,120.9943669,10.116000175476074,242.12893676757812,0.0,39.239998,-18.96,5.7599998,145.23936,0,0,0,0,-93,-95,0,0,0,0,0,17,0,0
24.7895406,120.9943567,10.125,239.05618286132812,0.0,31.859999,-28.019999,0.17999999,-131.08263,0,0,0,0,-93,-95,0,0,0,0,0,17,0,0
24.7895406,120.9943567,10.125,239.05618286132812,0.0,20.699999,-37.44,-1.5,-150.38304,0,0,0,0,-93,-95,0,0,0,0,0,17,0,0
24.7895334,120.9943474,10.177000045776367,237.82823181152344,0.0,34.02,-24.96,6.18,166.62817,0,0,0,0,-93,-95,0,0,0,0,0,17,0,0
24.7895334,120.9943474,10.177000045776367,237.82823181152344,0.0,36.719997,-22.859999,3.4199998,-127.281364,0,0,0,0,-93,-95,0,0,0,0,0,17,0,0
24.7895334,120.9943474,10.177000045776367,237.82823181152344,0.0,22.68,-35.7,-3.72,-171.75656,0,0,0,0,-93,-95,0,0,0,0,0,17,0,0
24.7895334,120.9943474,10.177000045776367,237.82823181152344,0.0,18.84,-38.34,-0.53999996,-152.68637,0,0,0,0,-93,-95,0,0,0,0,0,17,0,0
24.7895248,120.9943382,10.293000221252441,235.3596649169922,0.0,34.26,-25.859999,9.9,172.03386,0,0,0,0,-93,-95,0,0,0,0,0,17,0,0
24.7895248,120.9943382,10.293000221252441,235.3596649169922,0.0,33.059998,-26.939999,7.44,-127.47342,0,0,0,0,-93,-95,0,0,0,0,0,17,0,0
24.7895184,120.9943283,10.305000305175781,235.08006286621094,0.0,24.359999,-35.1,1.62,-179.9205,0,0,0,0,-93,-95,0,0,0,0,0,17,0,0
24.7895184,120.9943283,10.305000305175781,235.08006286621094,0.0,26.279999,-32.34,10.5,-137.21501,-97,0,-95,0,0,0,0,0,0,0,0,17,0,0
24.7895184,120.9943283,10.305000305175781,235.08006286621094,0.0,38.94,-20.22,12.54,136.58713,-97,0,-95,0,0,0,0,0,0,0,0,17,0,0
24.7895097,120.9943165,10.276000022888184,233.8799591064453,0.0,33.36,-28.5,5.7,-126.256294,-97,0,-95,0,0,0,0,0,0,0,0,17,0,0
24.7895097,120.9943165,10.276000022888184,233.8799591064453,0.0,22.619999,-37.44,1.92,-159.15442,-97,0,-95,0,0,0,0,0,0,0,0,17,0,0
24.7895097,120.9943165,10.276000022888184,233.8799591064453,0.0,31.5,-30.359999,11.16,-151.7656,-97,0,-95,0,0,0,0,0,0,0,0,17,0,0
24.7895005,120.9943052,10.281000137329102,232.78482055664062,0.0,36.42,-22.02,9.42,-150.04393,-97,0,-95,0,0,0,0,0,0,0,0,17,0,0
24.7895005,120.9943052,10.281000137329102,232.78482055664062,0.0,27.42,-33.78,1.26,-142.48094,-97,0,-95,0,0,0,0,0,0,0,0,17,0,0
24.7895005,120.9943052,10.281000137329102,232.78482055664062,0.0,15.599999,-39.84,1.14,-159.1075,-97,0,-95,0,0,0,0,0,0,0,0,17,0,0
24.7894916,120.9942952,10.286999702453613,232.0888671875,0.0,29.58,-28.859999,15.24,178.28987,-97,0,-95,0,0,0,0,0,0,0,0,17,0,0
24.7894916,120.9942952,10.286999702453613,232.0888671875,0.0,30.06,-31.08,4.98,-134.3887,-97,0,-95,0,0,0,0,0,0,0,0,17,0,0
24.7894916,120.9942952,10.286999702453613,232.0888671875,0.0,21.779999,-36.66,-3.3,-156.14212,-91,0,-88,0,0,0,0,0,0,0,0,17,0,0
24.789482,120.9942869,10.300999641418457,231.1985321044922,0.0,20.82,-37.2,0.9,-150.9573,-91,0,-88,0,0,0,0,0,0,0,0,17,0,0
24.789482,120.9942869,10.300999641418457,231.1985321044922,0.0,31.679998,-28.74,8.94,167.33592,-91,0,-88,0,0,0,0,0,0,0,0,17,0,0
24.7894735,120.9942781,10.281000137329102,230.42723083496094,0.0,28.019999,-32.46,3.4199998,-132.71733,-91,0,-88,0,0,0,0,0,0,0,0,17,0,0
24.7894735,120.9942781,10.281000137329102,230.42723083496094,0.0,22.32,-36.84,-2.8799999,-152.53131,-91,0,-88,0,0,0,0,0,0,0,0,17,0,0
24.7894735,120.9942781,10.281000137329102,230.42723083496094,0.0,24.06,-35.16,9.599999,-142.7207,-91,0,-88,0,0,0,0,0,0,0,0,17,0,0
24.7894735,120.9942781,10.281000137329102,230.42723083496094,0.0,34.86,-25.74,7.44,175.03714,-91,0,-88,0,0,0,0,0,0,0,0,17,0,0
24.7894735,120.9942781,10.281000137329102,230.42723083496094,0.0,29.4,-32.579998,3.54,-127.04138,-91,0,-88,0,0,0,0,0,0,0,0,17,0,0
24.7894735,120.9942781,10.281000137329102,230.42723083496094,0.0,21.42,-37.739998,1.5,-148.75566,-91,0,-88,0,0,0,0,0,0,0,0,17,0,0
24.7894572,120.9942631,10.32800006866455,228.74378967285156,0.0,31.679998,-28.199999,12.54,-154.37953,-91,0,-88,0,0,0,0,0,0,0,0,17,0,0
24.7894572,120.9942631,10.32800006866455,228.74378967285156,0.0,34.079998,-26.76,3.78,-131.21861,-91,0,-88,0,0,0,0,0,0,0,0,17,0,0
24.7894572,120.9942631,10.32800006866455,228.74378967285156,0.0,23.46,-36.6,2.8799999,-167.46149,0,0,-95,0,-94,0,0,0,0,0,0,17,0,0
24.7894572,120.9942631,10.32800006866455,228.74378967285156,0.0,19.859999,-39.78,4.2,-151.49292,0,0,-95,0,-94,0,0,0,0,0,0,17,0,0
24.7894481,120.9942566,10.289999961853027,227.7860107421875,0.0,31.859999,-29.88,13.92,-165.46292,0,0,-95,0,-94,0,0,0,0,0,0,17,0,0
24.789439,120.9942475,10.241999626159668,227.5878143310547,0.0,27.66,-34.86,5.1,-139.76274,0,0,-95,0,-94,0,0,0,0,0,0,17,0,0
24.789439,120.9942475,10.241999626159668,227.5878143310547,0.0,15.96,-41.16,-0.29999998,-176.47849,0,0,-95,0,-94,0,0,0,0,0,0,17,0,0
24.789439,120.9942475,10.241999626159668,227.5878143310547,0.0,16.56,-39.12,12.179999,-150.8777,0,0,-95,0,-94,0,0,0,0,0,0,17,0,0
24.789439,120.9942475,10.241999626159668,227.5878143310547,0.0,30.359999,-31.14,9.3,-150.85954,0,0,-95,0,-94,0,0,0,0,0,0,17,0,0
24.7894283,120.9942394,10.232999801635742,226.20993041992188,0.0,15.48,-39.84,-7.2,-157.40369,0,0,-95,0,-94,0,0,0,0,0,0,17,0,0
24.7894283,120.9942394,10.232999801635742,226.20993041992188,0.0,9.3,-41.1,-9.48,-159.9013,0,0,-95,0,-94,0,0,0,0,0,0,17,0,0
24.7894283,120.9942394,10.232999801635742,226.20993041992188,0.0,24.06,-36.84,8.94,-166.38173,0,0,-95,0,-94,0,0,0,0,0,0,17,0,0
24.7894283,120.9942394,10.232999801635742,226.20993041992188,0.0,28.68,-31.74,5.4,-136.09517,0,0,-95,0,-94,0,0,0,0,0,0,17,0,0
24.7894283,120.9942394,10.232999801635742,226.20993041992188,0.0,16.26,-39.84,-0.17999999,-165.28732,0,0,-95,0,-94,0,0,0,0,0,0,17,0,0
24.7894088,120.9942258,10.159000396728516,222.46878051757812,0.0,8.4,-42.54,2.46,-168.11559,0,0,-95,0,-94,0,0,0,0,0,0,17,0,0
24.7894088,120.9942258,10.159000396728516,222.46878051757812,0.0,23.939999,-35.76,6.8399997,-134.45418,0,0,-93,0,-86,0,0,0,0,0,0,17,0,0
24.7894088,120.9942258,10.159000396728516,222.46878051757812,0.0,18.48,-37.98,7.14,-151.10695,0,0,-93,0,-86,0,0,0,0,0,0,17,0,0
24.7894088,120.9942258,10.159000396728516,222.46878051757812,0.0,11.28,-42.36,-3.36,-164.18027,0,0,-93,0,-86,0,0,0,0,0,0,17,0,0
24.7893951,120.9942217,10.159000396728516,218.09706115722656,0.0,17.64,-39.54,12.179999,-149.37779,0,0,-93,0,-86,0,0,0,0,0,0,17,0,0
24.7893951,120.9942217,10.159000396728516,218.09706115722656,0.0,24.9,-35.7,8.88,-145.60577,0,0,-93,0,-86,0,0,0,0,0,0,17,0,0
24.7893849,120.994216,10.098999977111816,216.71920776367188,0.0,16.619999,-41.64,-1.86,-144.56741,0,0,-93,0,-86,0,0,0,0,0,0,17,0,0
24.7893849,120.994216,10.098999977111816,216.71920776367188,0.0,11.88,-44.34,-2.28,-162.54907,0,0,-93,0,-86,0,0,0,0,0,0,17,0,0
24.7893849,120.994216,10.098999977111816,216.71920776367188,0.0,21.72,-37.44,14.099999,-151.13982,0,0,-93,0,-86,0,0,0,0,0,0,17,0,0
24.7893849,120.994216,10.098999977111816,216.71920776367188,0.0,19.38,-40.079998,5.2799997,-152.52106,0,0,-93,0,-86,0,0,0,0,0,0,17,0,0
24.7893849,120.994216,10.098999977111816,216.71920776367188,0.0,9.599999,-43.44,-4.98,-173.8609,0,0,-93,0,-86,0,0,0,0,0,0,17,0,0
24.7893849,120.994216,10.098999977111816,216.71920776367188,0.0,7.56,-46.26,3.1799998,-169.51591,0,0,-93,0,-86,0,0,0,0,0,0,17,0,0
24.7893712,120.9942124,10.130000114440918,213.1089324951172,0.0,22.199999,-40.68,14.16,-153.05725,0,0,-93,0,-86,0,0,0,0,0,0,17,0,0
24.7893712,120.9942124,10.130000114440918,213.1089324951172,0.0,17.64,-42.3,3.6599998,-155.13136,0,0,-93,0,-86,0,0,0,0,0,0,17,0,0
24.7893712,120.9942124,10.130000114440918,213.1089324951172,0.0,7.98,-42.6,-8.58,-154.50316,0,0,-93,0,-86,0,0,0,0,0,0,17,0,0
24.7893509,120.9942043,10.081999778747559,209.79701232910156,0.0,14.7,-40.2,14.46,-153.65382,0,0,-93,0,-86,0,0,0,0,0,0,17,0,0
24.7893509,120.9942043,10.081999778747559,209.79701232910156,0.0,26.279999,-35.82,12.599999,-149.9646,0,0,-93,0,-86,0,0,0,0,0,0,17,0,0
24.7893509,120.9942043,10.081999778747559,209.79701232910156,0.0,17.22,-40.62,-2.22,-152.87088,0,0,-93,0,-86,0,0,0,0,0,0,17,0,0
24.7893509,120.9942043,10.081999778747559,209.79701232910156,0.0,1.1999999,-43.02,-9.66,-172.81987,0,0,-93,0,-86,0,0,0,0,0,0,17,0,0
24.7893387,120.9942006,10.083999633789062,207.76065063476562,0.0,12.0,-40.8,14.04,-163.36177,0,0,-91,0,-84,0,0,0,0,0,0,17,0,0
24.7893387,120.9942006,10.083999633789062,207.76065063476562,0.0,17.52,-40.32,4.14,-155.73978,0,0,-91,0,-84,0,0,0,0,0,0,17,0,0
24.7893273,120.9941964,10.11299991607666,206.73973083496094,0.0,5.46,-40.8,-12.059999,-158.2388,0,0,-91,0,-84,0,0,0,0,0,0,17,0,0
24.7893273,120.9941964,10.11299991607666,206.73973083496094,0.0,3.9599998,-43.2,-1.02,-175.16081,0,0,-91,0,-84,0,0,0,0,0,0,17,0,0
24.7893273,120.9941964,10.11299991607666,206.73973083496094,0.0,21.96,-36.3,15.719999,-151.04092,0,0,-91,0,-84,0,0,0,0,0,0,17,0,0
24.7893136,120.9941952,10.123000144958496,203.94041442871094,0.0,17.76,-39.42,6.18,-152.61037,0,0,-91,0,-84,0,0,0,0,0,0,17,0,0
24.7893136,120.9941952,10.123000144958496,203.94041442871094,0.0,2.6399999,-42.78,-8.94,-159.80898,0,0,-91,0,-84,0,0,0,0,0,0,17,0,0
24.7893011,120.994192,10.121000289916992,202.77688598632812,0.0,3.24,-40.86,13.679999,-161.75304,0,0,-91,0,-84,0,0,0,0,0,0,17,0,0
24.7893011,120.994192,10.121000289916992,202.77688598632812,0.0,16.859999,-37.26,14.16,-158.99687,0,0,-91,0,-84,0,0,0,0,0,0,17,0,0
24.7893011,120.994192,10.121000289916992,202.77688598632812,0.0,8.4,-41.34,-7.44,-157.10838,0,0,-91,0,-84,0,0,0,0,0,0,17,0,0
24.7893011,120.994192,10.121000289916992,202.77688598632812,0.0,1.56,-40.8,-9.24,-177.4098,0,0,-91,0,-84,0,0,0,0,0,0,17,0,0
24.7892858,120.994192,10.12399959564209,200.07159423828125,0.0,11.04,-39.66,14.219999,-169.9652,0,0,-91,0,-84,0,0,0,0,0,0,17,0,0
24.7892858,120.994192,10.12399959564209,200.07159423828125,0.0,12.12,-38.94,6.3599997,-159.23453,0,0,-91,0,-84,0,0,0,0,0,0,17,0,0
24.7892733,120.9941892,10.074999809265137,199.26571655273438,0.0,1.14,-39.059998,-16.5,-155.30125,0,0,-91,0,-84,0,0,0,0,0,0,17,0,0
24.7892733,120.9941892,10.074999809265137,199.26571655273438,0.0,1.5,-41.1,-8.88,176.71002,0,0,-91,0,-84,0,0,0,0,0,0,17,0,0
24.7892733,120.9941892,10.074999809265137,199.26571655273438,0.0,7.2,-40.68,5.52,-178.96706,0,0,-91,0,-84,0,0,0,0,0,0,17,0,0
24.7892579,120.9941885,10.034000396728516,197.0017852783203,0.0,5.3399997,-41.04,-6.8399997,-177.03288,0,0,-91,0,-84,0,0,0,0,0,0,17,0,0
24.7892579,120.9941885,10.034000396728516,197.0017852783203,0.0,0.9,-39.84,-11.4,-133.1642,0,0,-91,0,-84,0,0,0,0,0,0,17,0,0
24.7892426,120.9941868,10.057000160217285,195.44296264648438,0.0,5.04,-41.34,11.88,-162.70253,0,0,-91,0,-84,0,0,0,0,0,0,17,0,0
24.7892426,120.9941868,10.057000160217285,195.44296264648438,0.0,14.4,-38.82,11.16,-159.51033,0,0,-91,0,-84,0,0,0,0,0,0,17,0,0
24.7892426,120.9941868,10.057000160217285,195.44296264648438,0.0,4.5,-42.239998,-9.599999,-155.54755,0,0,-91,0,-84,0,0,0,0,0,0,17,0,0
24.7892426,120.9941868,10.057000160217285,195.44296264648438,0.0,-2.04,-44.28,-5.2799997,177.69191,0,0,-91,0,-84,0,0,0,0,0,0,17,0,0
24.7892272,120.9941854,10.0649995803833,193.99072265625,0.0,10.559999,-39.239998,17.58,-162.34093,0,0,-91,0,-84,0,0,0,0,0,0,17,0,0
24.7892272,120.9941854,10.0649995803833,193.99072265625,0.0,4.7999997,-43.14,-3.4199998,-174.52863,0,0,-91,0,-84,0,0,0,0,0,0,17,0,0
24.7892272,120.9941854,10.0649995803833,193.99072265625,0.0,5.64,-42.48,-9.66,-157.48872,0,0,-91,0,-84,0,0,0,0,0,0,17,0,0
24.7892272,120.9941854,10.0649995803833,193.99072265625,0.0,-3.24,-41.46,8.88,-175.69211,0,0,0,0,0,0,0,-66,0,-62,0,17,0,0
24.7892123,120.9941857,10.064000129699707,190.29771423339844,0.0,12.599999,-38.82,11.88,-172.28677,0,0,0,0,0,0,0,-66,0,-62,0,17,0,0
24.7891985,120.9941846,10.039999961853027,189.84979248046875,0.0,8.28,-40.68,-4.08,-166.40414,0,0,0,0,0,0,0,-66,0,-62,0,17,0,0
24.7891985,120.9941846,10.039999961853027,189.84979248046875,0.0,-1.0799999,-40.14,-12.9,-177.42221,0,0,0,0,0,0,0,-66,0,-62,0,17,0,0
24.7891985,120.9941846,10.039999961853027,189.84979248046875,0.0,7.62,-41.82,5.7,-170.04277,0,0,0,0,0,0,0,-66,0,-62,0,17,0,0
24.7891985,120.9941846,10.039999961853027,189.84979248046875,0.0,7.8599997,-41.82,-0.12,-171.12703,0,0,0,0,0,0,0,-66,0,-62,0,17,0,0
24.7891849,120.9941858,10.036999702453613,185.32554626464844,0.0,-1.1999999,-41.76,-11.04,-156.4772,0,0,0,0,0,0,0,-66,0,-62,0,17,0,0
24.7891849,120.9941858,10.036999702453613,185.32554626464844,0.0,-3.3,-43.559998,-3.12,175.28116,0,0,0,0,0,0,0,-66,0,-62,0,17,0,0
24.7891723,120.9941852,9.979999542236328,183.885986328125,0.0,15.78,-38.64,18.06,-169.4147,0,0,0,0,0,0,0,-66,0,-62,0,17,0,0
24.7891723,120.9941852,9.979999542236328,183.885986328125,0.0,6.8399997,-43.559998,4.2599998,-169.11075,0,0,0,0,0,0,0,-66,0,-62,0,17,0,0
24.7891723,120.9941852,9.979999542236328,183.885986328125,0.0,4.14,-41.1,-15.54,-162.84477,0,0,0,0,0,0,0,-66,0,-62,0,17,0,0
24.7891573,120.9941852,10.005000114440918,184.1873321533203,0.0,-0.78,-43.68,-0.48,179.13078,0,0,0,0,0,0,0,-66,0,-62,0,17,0,0
24.7891573,120.9941852,10.005000114440918,184.1873321533203,0.0,6.6,-42.78,-3.4199998,-178.58656,0,0,0,0,0,0,0,-66,0,-62,0,17,0,0
24.7891573,120.9941852,10.005000114440918,184.1873321533203,0.0,1.86,-38.28,-19.68,179.28824,0,0,0,0,0,0,0,-66,0,-62,0,17,0,0
24.7891573,120.9941852,10.005000114440918,184.1873321533203,0.0,-5.4,-39.719997,-18.539999,179.9701,0,0,0,0,0,0,0,-66,0,-62,0,17,0,0
24.7891428,120.9941863,10.020999908447266,180.5272216796875,0.0,5.1,-42.12,11.5199995,-165.92346,0,0,0,0,0,0,0,-66,0,-62,0,17,0,0
24.7891428,120.9941863,10.020999908447266,180.5272216796875,0.0,9.12,-42.0,4.44,-165.30203,0,0,0,0,0,0,0,-66,0,-62,0,17,0,0
24.7891308,120.994189,10.006999969482422,170.9217529296875,0.0,3.4199998,-42.059998,-9.3,-157.85803,0,0,0,0,0,0,0,-66,0,-62,0,17,0,0
24.7891308,120.994189,10.006999969482422,170.9217529296875,0.0,-1.62,-41.82,-6.8999996,172.78471,0,0,0,0,0,0,0,-66,0,-62,0,17,0,0
24.7891308,120.994189,10.006999969482422,170.9217529296875,0.0,8.94,-41.399998,-0.42,-171.69641,0,0,0,0,0,0,0,-66,0,-62,0,17,0,0
24.7891308,120.994189,10.006999969482422,170.9217529296875,0.0,9.36,-39.719997,-8.58,-176.28127,0,0,0,0,0,0,0,-66,0,-62,0,17,0,0
24.7891308,120.994189,10.006999969482422,170.9217529296875,0.0,6.0,-34.32,-23.76,-105.6877,0,0,0,0,0,0,0,-66,0,-62,0,17,0,0
24.7891075,120.9941948,9.958000183105469,185.43502807617188,0.0,7.98,-41.76,-1.26,-177.41928,0,0,0,0,0,0,0,-66,0,-62,0,17,0,0
24.7891075,120.9941948,9.958000183105469,185.43502807617188,0.0,13.0199995,-40.26,3.1799998,-166.80606,0,0,0,0,0,0,0,-66,0,-62,0,17,0,0
24.7891075,120.9941948,9.958000183105469,185.43502807617188,0.0,7.02,-40.86,-6.96,-157.70677,0,0,0,0,0,0,0,-66,0,-62,0,17,0,0
24.7891075,120.9941948,9.958000183105469,185.43502807617188,0.0,5.2799997,-41.76,-10.44,-172.02101,0,0,0,0,0,0,0,-66,0,-62,0,17,0,0
24.7890986,120.9941922,9.977999687194824,178.3101043701172,0.0,12.719999,-42.3,11.94,-162.33183,0,0,0,0,0,0,0,-66,0,-62,0,17,0,0
24.7890986,120.9941922,9.977999687194824,178.3101043701172,0.0,17.46,-42.36,6.8399997,-156.86087,0,0,0,0,0,0,0,-66,0,-62,0,17,0,0
24.7890868,120.9941931,9.946000099182129,176.67002868652344,0.0,7.44,-43.62,-13.259999,-154.74564,0,0,0,0,0,0,0,-66,0,-62,0,17,0,0
24.7890868,120.9941931,9.946000099182129,176.67002868652344,0.0,0.48,-45.78,-6.3599997,178.50037,0,0,0,0,0,0,0,-66,0,-62,0,17,0,0
24.7890868,120.9941931,9.946000099182129,176.67002868652344,0.0,18.18,-42.3,11.04,-164.93613,0,0,0,0,0,0,0,-66,0,-62,0,17,0,0
24.7890749,120.9941942,9.897000312805176,180.15609741210938,0.0,13.559999,-44.46,2.8799999,-161.4512,0,0,0,0,0,0,0,-66,0,-62,0,17,0,0
24.7890749,120.9941942,9.897000312805176,180.15609741210938,0.0,4.8599997,-43.02,-13.86,-143.94872,0,0,0,0,0,0,0,-68,0,-71,0,17,0,0
24.7890615,120.9941941,9.864999771118164,178.12696838378906,0.0,4.2599998,-45.48,7.44,-169.3237,0,0,0,0,0,0,0,-68,0,-71,0,17,0,0
24.7890615,120.9941941,9.864999771118164,178.12696838378906,0.0,18.42,-40.86,11.16,-158.64366,0,0,0,0,0,0,0,-68,0,-71,0,17,0,0
24.7890615,120.9941941,9.864999771118164,178.12696838378906,0.0,8.28,-42.0,-9.66,-158.33173,0,0,0,0,0,0,0,-68,0,-71,0,17,0,0
24.7890615,120.9941941,9.864999771118164,178.12696838378906,0.0,2.46,-42.66,-10.679999,-176.64114,0,0,0,0,0,0,0,-68,0,-71,0,17,0,0
24.7890494,120.9941947,9.815999984741211,174.80364990234375,0.0,9.719999,-41.28,10.26,-167.00699,0,0,0,0,0,0,0,-68,0,-71,0,17,0,0
24.7890494,120.9941947,9.815999984741211,174.80364990234375,0.0,12.48,-41.82,4.92,-162.02176,0,0,0,0,0,0,0,-68,0,-71,0,17,0,0
24.78904,120.9941949,9.829999923706055,176.76666259765625,0.0,1.02,-41.579998,-14.46,-162.57565,0,0,0,0,0,0,0,-68,0,-71,0,17,0,0
24.78904,120.9941949,9.829999923706055,176.76666259765625,0.0,-1.68,-43.079998,-4.2599998,175.28558,0,0,0,0,0,0,0,-68,0,-71,0,17,0,0
24.78904,120.9941949,9.829999923706055,176.76666259765625,0.0,14.46,-39.3,9.9,-169.43767,0,0,0,0,0,0,0,-68,0,-71,0,17,0,0
24.7890312,120.9941941,9.852999687194824,179.2460479736328,0.0,7.9199996,-41.46,-1.02,-169.04996,0,0,0,0,0,0,0,-68,0,-71,0,17,0,0
24.7890312,120.9941941,9.852999687194824,179.2460479736328,0.0,0.84,-40.86,-14.5199995,-153.80376,0,0,0,0,0,0,0,-68,0,-71,0,17,0,0
24.7890194,120.9941951,9.871999740600586,178.41531372070312,0.0,-0.53999996,-42.12,6.6,-172.68835,0,0,0,0,0,0,0,-68,0,-71,0,17,0,0
24.7880616,120.9945362,10.345000267028809,114.548828125,0.0,-25.199999,-33.899998,-18.24,137.49855,-87,0,-85,0,0,0,0,0,0,0,0,17,0,0
24.7880624,120.9945478,10.350000381469727,112.5768814086914,0.0,-20.4,-21.96,-33.84,98.51316,-87,0,-85,0,0,0,0,0,0,0,0,17,0,0
24.7880624,120.9945478,10.350000381469727,112.5768814086914,0.0,-19.02,-4.08,-41.52,6.185521,-87,0,-85,0,0,0,0,0,0,0,0,17,0,0
24.7880624,120.9945478,10.350000381469727,112.5768814086914,0.0,-32.399998,-25.8,-19.02,140.74385,-87,0,-85,0,0,0,0,0,0,0,0,17,0,0
24.7880624,120.9945478,10.350000381469727,112.5768814086914,0.0,-25.38,-30.9,-21.779999,133.42934,-87,0,-85,0,0,0,0,0,0,0,0,17,0,0
24.7880624,120.9945478,10.350000381469727,112.5768814086914,0.0,-7.68,-11.099999,-41.52,-59.04971,-87,0,-85,0,0,0,0,0,0,0,0,17,0,0
24.7880624,120.9945478,10.350000381469727,112.5768814086914,0.0,-23.46,-3.24,-38.7,70.68681,-87,0,-85,0,0,0,0,0,0,0,0,17,0,0
24.7880582,120.9945728,10.366999626159668,110.47129821777344,0.0,-34.559998,-21.779999,-20.88,87.07293,-87,0,-85,0,0,0,0,0,0,0,0,17,0,0
24.7880582,120.9945728,10.366999626159668,110.47129821777344,0.0,-44.579998,5.2799997,-15.96,89.26618,-87,0,-85,0,0,0,0,0,0,0,0,17,0,0
24.7880582,120.9945728,10.366999626159668,110.47129821777344,0.0,-27.66,23.76,-28.26,-7.566125,-87,0,-85,0,0,0,0,0,0,0,0,17,0,0
24.7880582,120.9945728,10.366999626159668,110.47129821777344,0.0,-39.42,3.6599998,-26.64,89.262726,-87,0,-85,0,0,0,0,0,0,0,0,17,0,0
24.7880582,120.9945728,10.366999626159668,110.47129821777344,0.0,-38.04,-8.099999,-27.72,100.20783,-87,0,-85,0,0,0,0,0,0,0,0,17,0,0
24.7880582,120.9945728,10.366999626159668,110.47129821777344,0.0,-26.76,9.059999,-35.94,-45.590233,-87,0,-85,0,0,0,0,0,0,0,0,17,0,0
24.7880579,120.9945983,10.097000122070312,106.9974594116211,0.0,-26.939999,15.839999,-33.059998,42.414825,-88,0,-90,0,0,0,0,0,0,0,0,17,0,0
24.7880579,120.9945983,10.097000122070312,106.9974594116211,0.0,-33.3,-8.639999,-31.859999,73.955315,-88,0,-90,0,0,0,0,0,0,0,0,17,0,0
24.7880579,120.9945983,10.097000122070312,106.9974594116211,0.0,-19.68,-8.76,-40.32,91.07026,-88,0,-90,0,0,0,0,0,0,0,0,17,0,0
24.7880579,120.9945983,10.097000122070312,106.9974594116211,0.0,-5.46,1.1999999,-43.32,-72.72358,-88,0,-90,0,0,0,0,0,0,0,0,17,0,0
24.7880579,120.9945983,10.097000122070312,106.9974594116211,0.0,-26.279999,-21.539999,-29.16,118.10657,-88,0,-90,0,0,0,0,0,0,0,0,17,0,0
24.7880587,120.994613,10.053999900817871,104.32129669189453,0.0,-23.46,-31.08,-21.72,168.86455,-88,0,-90,0,0,0,0,0,0,0,0,17,0,0
24.7880587,120.994613,10.053999900817871,104.32129669189453,0.0,-15.719999,-7.14,-41.34,9.584553,-88,0,-90,0,0,0,0,0,0,0,0,17,0,0
24.7880587,120.994613,10.053999900817871,104.32129669189453,0.0,-12.059999,3.3,-42.96,-6.430169,-88,0,-90,0,0,0,0,0,0,0,0,17,0,0
24.7880581,120.994639,10.041000366210938,101.75526428222656,0.0,-31.14,-21.119999,-26.58,133.69135,-88,0,-90,0,0,0,0,0,0,0,0,17,0,0
24.7880581,120.994639,10.041000366210938,101.75526428222656,0.0,-27.599998,-18.24,-31.98,109.22294,-88,0,-90,0,0,0,0,0,0,0,0,17,0,0
24.7880581,120.994639,10.041000366210938,101.75526428222656,0.0,-5.2799997,0.17999999,-43.8,-63.644394,-88,0,-90,0,0,0,0,0,0,0,0,17,0,0
24.788061,120.9946563,10.060999870300293,98.33568572998047,0.0,-18.06,3.1799998,-41.34,58.990894,-88,0,-90,0,0,0,0,0,0,0,0,17,0,0
24.788061,120.9946563,10.060999870300293,98.33568572998047,0.0,-25.56,-28.92,-21.66,101.30956,-88,0,-90,0,0,0,0,0,0,0,0,17,0,0
24.788061,120.9946563,10.060999870300293,98.33568572998047,0.0,-20.1,-19.68,-35.46,109.24305,-88,0,-90,0,0,0,0,0,0,0,0,17,0,0
24.7880608,120.9946707,9.996999740600586,97.22908020019531,0.0,-2.76,5.58,-41.76,-55.015507,-88,0,-90,0,0,0,0,0,0,0,0,17,0,0
24.7880608,120.9946707,9.996999740600586,97.22908020019531,0.0,-16.56,-10.2,-39.059998,104.41457,-88,0,-90,0,0,0,0,0,0,0,0,17,0,0
24.7880608,120.9946707,9.996999740600586,97.22908020019531,0.0,-22.8,-24.9,-29.099998,154.88893,-88,0,-90,0,0,0,0,0,0,0,0,17,0,0
24.7885507,120.995061,10.067000389099121,3.3802623748779297,0.0,20.1,17.22,-32.88,-34.588894,-83,-88,0,0,0,0,0,0,0,0,0,17,0,0
24.7885705,120.9950589,10.116000175476074,2.5610296726226807,0.0,1.14,-3.78,-42.719997,46.245155,-83,-88,0,0,0,0,0,0,0,0,0,17,0,0
24.7885705,120.9950589,10.116000175476074,2.5610296726226807,0.0,19.98,24.84,-27.599998,-9.433275,-83,-88,0,0,0,0,0,0,0,0,0,17,0,0
24.7885705,120.9950589,10.116000175476074,2.5610296726226807,0.0,33.239998,25.74,-9.66,-51.9047,-83,-88,0,0,0,0,0,0,0,0,0,17,0,0
24.7885914,120.9950579,10.126999855041504,2.062016487121582,0.0,7.2599998,0.65999997,-43.2,87.23375,-83,-88,0,0,0,0,0,0,0,0,0,17,0,0
24.7885914,120.9950579,10.126999855041504,2.062016487121582,0.0,16.199999,12.36,-37.26,46.613583,-83,-88,0,0,0,0,0,0,0,0,0,17,0,0
24.7886068,120.9950584,10.163000106811523,2.171332836151123,0.0,31.859999,26.519999,-9.24,-79.55954,-83,-88,0,0,0,0,0,0,0,0,0,17,0,0
24.7886068,120.9950584,10.163000106811523,2.171332836151123,0.0,20.939999,11.16,-34.68,26.614407,-83,-88,0,0,0,0,0,0,0,0,0,17,0,0
24.7886068,120.9950584,10.163000106811523,2.171332836151123,0.0,6.66,-0.53999996,-42.66,51.826576,-83,-88,0,0,0,0,0,0,0,0,0,17,0,0
24.788626,120.9950582,10.118000030517578,2.1229827404022217,0.0,26.939999,25.859999,-19.74,-54.030895,-83,-88,0,0,0,0,0,0,0,0,0,17,0,0
24.788626,120.9950582,10.118000030517578,2.1229827404022217,0.0,34.739998,21.119999,-11.04,-60.688534,-83,-88,0,0,0,0,0,0,0,0,0,17,0,0
24.788626,120.9950582,10.118000030517578,2.1229827404022217,0.0,7.8599997,-0.17999999,-43.2,93.95777,-83,-88,0,0,0,0,0,0,0,0,0,17,0,0
24.7886437,120.9950571,10.059000015258789,1.5007803440093994,0.0,20.52,25.019999,-28.68,-13.551649,-83,-88,0,0,0,0,0,0,0,0,0,17,0,0
24.7886437,120.9950571,10.059000015258789,1.5007803440093994,0.0,33.54,26.699999,-9.36,-88.3222,-88,-84,0,0,0,0,0,0,0,0,0,17,0,0
24.7886603,120.9950556,10.017000198364258,0.9163811206817627,0.0,7.8599997,-0.35999998,-41.94,94.14712,-88,-84,0,0,0,0,0,0,0,0,0,17,0,0
24.7886603,120.9950556,10.017000198364258,0.9163811206817627,0.0,6.96,-0.96,-42.239998,103.25995,-88,-84,0,0,0,0,0,0,0,0,0,17,0,0
24.7886603,120.9950556,10.017000198364258,0.9163811206817627,0.0,31.859999,20.939999,-15.48,-61.35229,-88,-84,0,0,0,0,0,0,0,0,0,17,0,0
24.7886758,120.9950544,9.918000221252441,0.5327978730201721,0.0,20.34,12.66,-32.82,-36.62251,-88,-84,0,0,0,0,0,0,0,0,0,17,0,0
24.7886758,120.9950544,9.918000221252441,0.5327978730201721,0.0,-2.3999999,-1.62,-41.94,59.632183,-88,-84,0,0,0,0,0,0,0,0,0,17,0,0
24.7886758,120.9950544,9.918000221252441,0.5327978730201721,0.0,16.619999,28.859999,-22.32,-28.324741,-88,-84,0,0,0,0,0,0,0,0,0,17,0,0
24.7886758,120.9950544,9.918000221252441,0.5327978730201721,0.0,28.98,23.76,-16.619999,-52.17816,-88,-84,0,0,0,0,0,0,0,0,0,17,0,0
24.7886927,120.9950549,9.944999694824219,0.4912576377391815,0.0,0.96,-1.62,-42.48,76.06246,-88,-84,0,0,0,0,0,0,0,0,0,17,0,0
24.7886927,120.9950549,9.944999694824219,0.4912576377391815,0.0,12.96,22.14,-31.08,10.048478,-88,-84,0,0,0,0,0,0,0,0,0,17,0,0
24.788711,120.9950556,9.91100025177002,0.441347599029541,0.0,32.7,24.779999,-12.0,-83.90492,-88,-84,0,0,0,0,0,0,0,0,0,17,0,0
24.788711,120.9950556,9.91100025177002,0.441347599029541,0.0,7.62,-2.28,-43.02,100.76594,-88,-84,0,0,0,0,0,0,0,0,0,17,0,0
24.788711,120.9950556,9.91100025177002,0.441347599029541,0.0,5.8799996,3.6,-41.82,85.98623,-88,-84,0,0,0,0,0,0,0,0,0,17,0,0
24.7887295,120.9950551,9.88599967956543,0.1659940630197525,0.0,30.96,25.019999,-13.139999,-56.706627,-83,-82,0,0,0,0,0,0,0,0,0,17,0,0
24.7887295,120.9950551,9.88599967956543,0.1659940630197525,0.0,23.1,14.4,-30.119999,-22.21441,-83,-82,0,0,0,0,0,0,0,0,0,17,0,0
24.7887295,120.9950551,9.88599967956543,0.1659940630197525,0.0,8.22,-3.4199998,-39.96,53.854458,-83,-82,0,0,0,0,0,0,0,0,0,17,0,0
24.7887295,120.9950551,9.88599967956543,0.1659940630197525,0.0,22.439999,32.88,-9.54,-27.15799,-83,-82,0,0,0,0,0,0,0,0,0,17,0,0
24.7887477,120.9950549,9.913999557495117,359.87713623046875,0.0,28.5,25.74,-14.04,-47.214252,-83,-82,0,0,0,0,0,0,0,0,0,17,0,0
24.7887477,120.9950549,9.913999557495117,359.87713623046875,0.0,6.06,-6.12,-40.32,66.5215,-83,-82,0,0,0,0,0,0,0,0,0,17,0,0
24.7887477,120.9950549,9.913999557495117,359.87713623046875,0.0,15.78,24.0,-27.06,-7.583979,-83,-82,0,0,0,0,0,0,0,0,0,17,0,0
24.7887666,120.995055,9.961000442504883,359.76177978515625,0.0,28.199999,30.119999,-6.06,-50.41877,-83,-82,0,0,0,0,0,0,0,0,0,17,0,0
24.7887666,120.995055,9.961000442504883,359.76177978515625,0.0,8.82,-3.24,-40.02,99.25249,-83,-82,0,0,0,0,0,0,0,0,0,17,0,0
24.7887666,120.995055,9.961000442504883,359.76177978515625,0.0,4.7999997,4.68,-40.68,84.09977,-83,-82,0,0,0,0,0,0,0,0,0,17,0,0
24.788785,120.9950549,10.053000450134277,359.678466796875,0.0,25.5,31.8,-9.3,-60.120815,-83,-82,0,0,0,0,0,0,0,0,0,17,0,0
24.788785,120.9950549,10.053000450134277,359.678466796875,0.0,30.24,28.26,-7.08,-69.23166,-87,-84,0,0,0,0,0,0,0,0,0,17,0,0
24.7888025,120.9950553,10.090999603271484,359.7581481933594,0.0,2.7,-3.8999999,-41.82,44.898468,-87,-84,0,0,0,0,0,0,0,0,0,17,0,0
24.7888025,120.9950553,10.090999603271484,359.7581481933594,0.0,26.4,25.74,-18.06,-35.115376,-87,-84,0,0,0,0,0,0,0,0,0,17,0,0
24.7888025,120.9950553,10.090999603271484,359.7581481933594,0.0,32.579998,23.279999,-11.58,-52.589172,-87,-84,0,0,0,0,0,0,0,0,0,17,0,0
24.7888189,120.9950561,10.170999526977539,359.9150390625,0.0,-2.58,-3.54,-42.12,77.023445,-87,-84,0,0,0,0,0,0,0,0,0,17,0,0
24.7888189,120.9950561,10.170999526977539,359.9150390625,0.0,13.38,19.02,-33.84,24.622175,-87,-84,0,0,0,0,0,0,0,0,0,17,0,0
24.7888353,120.9950568,10.22700023651123,0.027843860909342766,0.0,31.619999,26.4,-6.42,-98.28974,-87,-84,0,0,0,0,0,0,0,0,0,17,0,0
24.7888353,120.9950568,10.22700023651123,0.027843860909342766,0.0,14.639999,4.74,-37.98,92.591675,-87,-84,0,0,0,0,0,0,0,0,0,17,0,0
24.7888353,120.9950568,10.22700023651123,0.027843860909342766,0.0,2.8799999,-4.62,-41.219997,72.94379,-87,-84,0,0,0,0,0,0,0,0,0,17,0,0
24.7888529,120.9950573,10.178999900817871,0.02992205135524273,0.0,19.98,28.32,-20.039999,-46.623356,-87,-84,0,0,0,0,0,0,0,0,0,17,0,0
24.7888529,120.9950573,10.178999900817871,0.02992205135524273,0.0,25.859999,22.32,-21.48,-49.217293,-87,-84,0,0,0,0,0,0,0,0,0,17,0,0
24.7888529,120.9950573,10.178999900817871,0.02992205135524273,0.0,-0.78,-0.9,-42.42,63.24887,-87,-84,0,0,0,0,0,0,0,0,0,17,0,0
24.7888529,120.9950573,10.178999900817871,0.02992205135524273,0.0,13.98,21.18,-33.36,12.473512,-87,-84,0,0,0,0,0,0,0,0,0,17,0,0
24.7888714,120.9950574,10.213000297546387,359.8541259765625,0.0,30.0,28.199999,-7.9199996,-83.392296,-87,-84,0,0,0,0,0,0,0,0,0,17,0,0
24.7888877,120.9950571,10.236000061035156,359.7814636230469,0.0,12.42,8.099999,-39.78,96.26109,-87,-84,0,0,0,0,0,0,0,0,0,17,0,0
24.7888877,120.9950571,10.236000061035156,359.7814636230469,0.0,7.5,-1.9799999,-41.94,66.89556,-87,-84,0,0,0,0,0,0,0,0,0,17,0,0
24.7888877,120.9950571,10.236000061035156,359.7814636230469,0.0,23.519999,30.599998,-16.56,-52.856155,-87,-84,0,0,0,0,0,0,0,0,0,17,0,0
24.7888877,120.9950571,10.236000061035156,359.7814636230469,0.0,21.66,24.3,-25.38,-32.48386,-87,-84,0,0,0,0,0,0,0,0,0,17,0,0
24.7889045,120.9950564,10.107999801635742,359.5481262207031,0.0,-2.52,-3.1799998,-43.32,47.36205,-87,-84,0,0,0,0,0,0,0,0,0,17,0,0
24.7889045,120.9950564,10.107999801635742,359.5481262207031,0.0,17.94,22.859999,-29.699999,-6.6286483,-86,-84,0,0,0,0,0,0,0,0,0,17,0,0
24.7889219,120.9950557,10.015000343322754,359.3876953125,0.0,28.56,26.88,-15.179999,-49.432346,-86,-84,0,0,0,0,0,0,0,0,0,17,0,0
24.7889219,120.9950557,10.015000343322754,359.3876953125,0.0,-3.06,-0.65999997,-45.36,87.19882,-86,-84,0,0,0,0,0,0,0,0,0,17,0,0
24.7889219,120.9950557,10.015000343322754,359.3876953125,0.0,-7.14,4.5,-43.32,89.16452,-86,-84,0,0,0,0,0,0,0,0,0,17,0,0
24.7889382,120.9950551,9.99899959564209,359.28228759765625,0.0,25.8,27.24,-21.119999,-56.00927,-86,-84,0,0,0,0,0,0,0,0,0,17,0,0
24.7889382,120.9950551,9.99899959564209,359.28228759765625,0.0,18.779999,17.52,-33.66,-30.849524,-86,-84,0,0,0,0,0,0,0,0,0,17,0,0
24.7889382,120.9950551,9.99899959564209,359.28228759765625,0.0,1.9799999,-2.04,-43.739998,54.213585,-86,-84,0,0,0,0,0,0,0,0,0,17,0,0
24.7889382,120.9950551,9.99899959564209,359.28228759765625,0.0,16.619999,27.18,-26.939999,-0.99481964,-86,-84,0,0,0,0,0,0,0,0,0,17,0,0
24.7889532,120.9950553,9.92199993133545,359.3047790527344,0.0,27.72,25.68,-16.92,-47.43408,-86,-84,0,0,0,0,0,0,0,0,0,17,0,0
24.7889532,120.9950553,9.92199993133545,359.3047790527344,0.0,0.84,0.17999999,-43.14,73.27404,-86,-84,0,0,0,0,0,0,0,0,0,17,0,0
24.7889532,120.9950553,9.92199993133545,359.3047790527344,0.0,-3.24,11.04,-41.579998,64.56928,-86,-84,0,0,0,0,0,0,0,0,0,17,0,0
24.7889693,120.9950561,9.85099983215332,359.41552734375,0.0,22.32,30.599998,-15.54,-51.983093,-86,-84,0,0,0,0,0,0,0,0,0,17,0,0
24.7889693,120.9950561,9.85099983215332,359.41552734375,0.0,5.2799997,16.38,-39.12,47.118664,-86,-84,0,0,0,0,0,0,0,0,0,17,0,0
24.7889828,120.9950572,9.821000099182129,359.56475830078125,0.0,-4.8599997,0.0,-42.96,48.987602,-85,-82,0,0,0,0,0,0,0,0,0,17,0,0
24.7889828,120.9950572,9.821000099182129,359.56475830078125,0.0,15.059999,30.539999,-24.84,-29.483543,-85,-82,0,0,0,0,0,0,0,0,0,17,0,0
24.7889828,120.9950572,9.821000099182129,359.56475830078125,0.0,21.359999,22.439999,-28.32,-50.759533,-85,-82,0,0,0,0,0,0,0,0,0,17,0,0
24.7889985,120.9950584,9.72700023651123,359.8050537109375,0.0,-2.58,-6.42,-42.84,69.05779,-85,-82,0,0,0,0,0,0,0,0,0,17,0,0
24.7889985,120.9950584,9.72700023651123,359.8050537109375,0.0,17.76,22.859999,-30.599998,9.963619,-85,-82,0,0,0,0,0,0,0,0,0,17,0,0
24.7889985,120.9950584,9.72700023651123,359.8050537109375,0.0,30.24,24.72,-19.26,-113.242836,-85,-82,0,0,0,0,0,0,0,0,0,17,0,0
24.7890123,120.9950588,9.79800033569336,359.77960205078125,0.0,2.3999999,-1.86,-44.1,105.9586,-85,-82,0,0,0,0,0,0,0,0,0,17,0,0
24.7890123,120.9950588,9.79800033569336,359.77960205078125,0.0,0.65999997,5.22,-44.399998,93.72263,-85,-82,0,0,0,0,0,0,0,0,0,17,0,0
24.789025,120.9950591,9.890000343322754,359.6727294921875,0.0,26.34,28.14,-19.439999,-56.219147,-85,-82,0,0,0,0,0,0,0,0,0,17,0,0
24.789025,120.9950591,9.890000343322754,359.6727294921875,0.0,20.939999,19.5,-31.5,-19.61691,-85,-82,0,0,0,0,0,0,0,0,0,17,0,0
24.789025,120.9950591,9.890000343322754,359.6727294921875,0.0,-0.24,-0.42,-43.62,30.317556,-85,-82,0,0,0,0,0,0,0,0,0,17,0,0
24.789025,120.9950591,9.890000343322754,359.6727294921875,0.0,16.38,22.859999,-31.98,-4.945407,-85,-82,0,0,0,0,0,0,0,0,0,17,0,0
24.7890376,120.9950597,9.923999786376953,359.7065734863281,0.0,27.599998,28.019999,-16.14,-59.391827,-85,-82,0,0,0,0,0,0,0,0,0,17,0,0
24.7890376,120.9950597,9.923999786376953,359.7065734863281,0.0,8.28,0.53999996,-43.44,88.58158,-85,-80,0,0,0,0,0,0,0,0,0,17,0,0
24.7890376,120.9950597,9.923999786376953,359.7065734863281,0.0,8.4,8.16,-42.66,84.9755,-85,-80,0,0,0,0,0,0,0,0,0,17,0,0
24.7890522,120.9950601,9.914999961853027,359.65850830078125,0.0,24.3,30.42,-19.56,-61.81491,-85,-80,0,0,0,0,0,0,0,0,0,17,0,0
24.7890522,120.9950601,9.914999961853027,359.65850830078125,0.0,24.06,17.94,-30.539999,-30.30282,-85,-80,0,0,0,0,0,0,0,0,0,17,0,0
24.789066,120.9950598,9.944000244140625,359.5790710449219,0.0,7.3199997,-4.62,-42.3,68.475975,-85,-80,0,0,0,0,0,0,0,0,0,17,0,0
24.789066,120.9950598,9.944000244140625,359.5790710449219,0.0,24.48,24.539999,-23.22,-32.768898,-85,-80,0,0,0,0,0,0,0,0,0,17,0,0
24.789066,120.9950598,9.944000244140625,359.5790710449219,0.0,34.559998,25.5,-10.38,-69.13929,-85,-80,0,0,0,0,0,0,0,0,0,17,0,0
24.7890806,120.9950594,10.00100040435791,359.5222473144531,0.0,9.599999,4.08,-41.94,85.86331,-85,-80,0,0,0,0,0,0,0,0,0,17,0,0
24.7890806,120.9950594,10.00100040435791,359.5222473144531,0.0,7.98,10.26,-40.2,80.90588,-85,-80,0,0,0,0,0,0,0,0,0,17,0,0
24.7890956,120.9950593,10.041000366210938,359.51177978515625,0.0,29.279999,29.039999,-13.139999,-57.72964,-85,-80,0,0,0,0,0,0,0,0,0,17,0,0
24.7890956,120.9950593,10.041000366210938,359.51177978515625,0.0,20.4,15.24,-33.66,52.97701,-85,-80,0,0,0,0,0,0,0,0,0,17,0,0
24.7890956,120.9950593,10.041000366210938,359.51177978515625,0.0,9.0,4.8599997,-41.1,68.15726,-85,-80,0,0,0,0,0,0,0,0,0,17,0,0
24.7891107,120.9950591,10.178000450134277,359.4906921386719,0.0,19.439999,30.72,-23.22,-29.70588,-85,-80,0,0,0,0,0,0,0,0,0,17,0,0
24.7891107,120.9950591,10.178000450134277,359.4906921386719,0.0,24.9,23.279999,-23.22,-49.238014,-85,-80,0,0,0,0,0,0,0,0,0,17,0,0
24.7891107,120.9950591,10.178000450134277,359.4906921386719,0.0,4.5,-1.38,-43.079998,77.45886,-85,-80,0,0,0,0,0,0,0,0,0,17,0,0
24.7891267,120.9950591,10.234999656677246,359.5490417480469,0.0,13.92,16.14,-35.219997,-0.24148524,-85,-80,0,0,0,0,0,0,0,0,0,17,0,0
24.7891267,120.9950591,10.234999656677246,359.5490417480469,0.0,26.16,21.06,-24.66,-60.73274,-85,-80,0,0,0,0,0,0,0,0,0,17,0,0
24.7891922,120.9950597,10.045000076293945,359.3146667480469,0.0,21.06,35.52,-15.719999,-23.819376,-89,-84,0,0,0,0,0,0,0,0,0,17,0,0
24.7892087,120.9950593,10.027000427246094,359.06365966796875,0.0,38.64,23.699999,-0.59999996,-56.83735,-89,-84,0,0,0,0,0,0,0,0,0,17,0,0
24.7892087,120.9950593,10.027000427246094,359.06365966796875,0.0,18.42,17.58,-34.559998,67.86067,-89,-84,0,0,0,0,0,0,0,0,0,17,0,0
24.7892087,120.9950593,10.027000427246094,359.06365966796875,0.0,19.14,18.6,-34.26,30.117085,-89,-84,0,0,0,0,0,0,0,0,0,17,0,0
24.7892087,120.9950593,10.027000427246094,359.06365966796875,0.0,34.26,19.02,-17.94,-148.46579,-89,-84,0,0,0,0,0,0,0,0,0,17,0,0
24.7892087,120.9950593,10.027000427246094,359.06365966796875,0.0,22.619999,14.4,-33.719997,-37.576557,-89,-84,0,0,0,0,0,0,0,0,0,17,0,0
24.7892361,120.9950599,9.859999656677246,358.9985656738281,0.0,0.24,3.6599998,-44.28,117.82314,-89,-84,0,0,0,0,0,0,0,0,0,17,0,0
24.7892361,120.9950599,9.859999656677246,358.9985656738281,0.0,19.14,18.66,-33.719997,-11.555375,-89,-84,0,0,0,0,0,0,0,0,0,17,0,0
24.7892361,120.9950599,9.859999656677246,358.9985656738281,0.0,34.739998,19.68,-17.76,-79.41593,-89,-84,0,0,0,0,0,0,0,0,0,17,0,0
24.7892446,120.995062,9.869000434875488,359.2692565917969,0.0,14.04,6.06,-39.899998,67.2906,-89,-84,0,0,0,0,0,0,0,0,0,17,0,0
24.7892446,120.995062,9.869000434875488,359.2692565917969,0.0,0.78,5.52,-43.86,84.207596,-89,-84,0,0,0,0,0,0,0,0,0,17,0,0
24.7892596,120.9950634,9.821999549865723,0.10709721595048904,0.0,21.06,19.56,-31.5,-26.43887,-89,-84,0,0,0,0,0,0,0,0,0,17,0,0
24.7892596,120.9950634,9.821999549865723,0.10709721595048904,0.0,32.76,18.72,-20.88,-95.84394,-89,-84,0,0,0,0,0,0,0,0,0,17,0,0
24.7892596,120.9950634,9.821999549865723,0.10709721595048904,0.0,10.679999,-0.42,-42.42,94.65649,-89,-84,0,0,0,0,0,0,0,0,0,17,0,0
24.7892596,120.9950634,9.821999549865723,0.10709721595048904,0.0,6.66,7.8599997,-41.28,55.243214,-89,-84,0,0,0,0,0,0,0,0,0,17,0,0
24.7892734,120.9950666,9.895999908447266,1.846384882926941,0.0,29.64,17.88,-24.119999,-95.59884,-89,-84,0,0,0,0,0,0,0,0,0,17,0,0
24.7892734,120.9950666,9.895999908447266,1.846384882926941,0.0,26.099998,13.86,-30.06,-45.89729,-89,-84,0,0,0,0,0,0,0,0,0,17,0,0
24.7892734,120.9950666,9.895999908447266,1.846384882926941,0.0,5.7,0.17999999,-42.239998,81.78562,-89,-84,0,0,0,0,0,0,0,0,0,17,0,0
24.7892857,120.9950679,9.972999572753906,2.0946621894836426,0.0,21.0,18.84,-30.84,-15.235601,-89,-84,0,0,0,0,0,0,0,0,0,17,0,0
24.7892857,120.9950679,9.972999572753906,2.0946621894836426,0.0,35.34,19.02,-11.759999,-99.86517,-88,-92,0,0,0,0,0,0,0,0,0,17,0,0
24.7892989,120.995068,10.008000373840332,1.8497745990753174,0.0,23.82,8.58,-33.66,44.77514,-88,-92,0,0,0,0,0,0,0,0,0,17,0,0
24.7892989,120.995068,10.008000373840332,1.8497745990753174,0.0,12.24,4.56,-41.7,78.81326,-88,-92,0,0,0,0,0,0,0,0,0,17,0,0
24.7892989,120.995068,10.008000373840332,1.8497745990753174,0.0,25.199999,17.58,-28.619999,-37.491272,-88,-92,0,0,0,0,0,0,0,0,0,17,0,0
24.7892989,120.995068,10.008000373840332,1.8497745990753174,0.0,35.04,12.66,-20.279999,-74.01943,-88,-92,0,0,0,0,0,0,0,0,0,17,0,0
24.7893122,120.9950679,10.116999626159668,1.0118509531021118,0.0,14.639999,-5.8799996,-40.26,98.228424,-88,-92,0,0,0,0,0,0,0,0,0,17,0,0
24.7893122,120.9950679,10.116999626159668,1.0118509531021118,0.0,18.18,9.12,-37.38,16.99264,-88,-92,0,0,0,0,0,0,0,0,0,17,0,0
24.7893253,120.9950674,10.140999794006348,0.2892439663410187,0.0,36.3,17.52,-17.279999,-91.98405,-88,-92,0,0,0,0,0,0,0,0,0,17,0,0
24.7893253,120.9950674,10.140999794006348,0.2892439663410187,0.0,31.14,11.82,-27.66,-49.42378,-88,-92,0,0,0,0,0,0,0,0,0,17,0,0
24.7893253,120.9950674,10.140999794006348,0.2892439663410187,0.0,11.219999,-1.74,-42.12,82.461555,-88,-92,0,0,0,0,0,0,0,0,0,17,0,0
24.7893362,120.9950661,10.111000061035156,359.5881652832031,0.0,24.3,14.759999,-32.1,-17.343292,-88,-92,0,0,0,0,0,0,0,0,0,17,0,0
24.7893362,120.9950661,10.111000061035156,359.5881652832031,0.0,37.62,19.619999,-10.38,-123.49688,-88,-92,0,0,0,0,0,0,0,0,0,17,0,0
24.7893469,120.9950647,10.02299976348877,358.8220520019531,0.0,27.06,7.02,-31.56,37.13186,-88,-92,0,0,0,0,0,0,0,0,0,17,0,0
24.7893469,120.9950647,10.02299976348877,358.8220520019531,0.0,19.8,9.66,-35.579998,74.90085,-90,-90,0,0,0,0,0,0,0,0,0,17,0,0
24.7893469,120.9950647,10.02299976348877,358.8220520019531,0.0,33.96,17.16,-19.68,-47.822,-90,-90,0,0,0,0,0,0,0,0,0,17,0,0
24.7893469,120.9950647,10.02299976348877,358.8220520019531,0.0,37.62,12.12,-17.699999,-76.93892,-90,-90,0,0,0,0,0,0,0,0,0,17,0,0
24.7893586,120.995063,9.944999694824219,357.91363525390625,0.0,17.34,2.22,-39.48,92.89061,-90,-90,0,0,0,0,0,0,0,0,0,17,0,0
24.7893586,120.995063,9.944999694824219,357.91363525390625,0.0,21.3,11.4,-35.28,29.173742,-90,-90,0,0,0,0,0,0,0,0,0,17,0,0
24.7893586,120.995063,9.944999694824219,357.91363525390625,0.0,39.12,17.22,-12.66,-92.54935,-90,-90,0,0,0,0,0,0,0,0,0,17,0,0
24.7893705,120.9950609,9.854999542236328,356.3221130371094,0.0,33.18,12.24,-24.84,-43.358875,-90,-90,0,0,0,0,0,0,0,0,0,17,0,0
24.7893705,120.9950609,9.854999542236328,356.3221130371094,0.0,23.16,15.36,-32.219997,156.69057,-90,-90,0,0,0,0,0,0,0,0,0,17,0,0
24.7893705,120.9950609,9.854999542236328,356.3221130371094,0.0,34.559998,19.439999,-18.42,-27.53115,-90,-90,0,0,0,0,0,0,0,0,0,17,0,0
24.789383,120.9950596,9.847999572753906,355.7032165527344,0.0,42.719997,11.82,-3.78,-149.49081,-90,-90,0,0,0,0,0,0,0,0,0,17,0,0
24.789383,120.9950596,9.847999572753906,355.7032165527344,0.0,25.38,9.9,-33.3,51.519222,-90,-90,0,0,0,0,0,0,0,0,0,17,0,0
24.789383,120.9950596,9.847999572753906,355.7032165527344,0.0,19.68,10.74,-36.059998,80.14699,-90,-90,0,0,0,0,0,0,0,0,0,17,0,0
24.7893948,120.9950563,9.880000114440918,354.1899719238281,0.0,40.8,12.54,-13.74,-79.694405,-90,-90,0,0,0,0,0,0,0,0,0,17,0,0
24.7893948,120.9950563,9.880000114440918,354.1899719238281,0.0,38.7,8.7,-17.22,-76.40427,-90,-90,0,0,0,0,0,0,0,0,0,17,0,0
24.7894048,120.9950527,9.854000091552734,352.99560546875,0.0,20.58,1.62,-37.68,85.56545,-90,-90,0,0,0,0,0,0,0,0,0,17,0,0
24.7894048,120.9950527,9.854000091552734,352.99560546875,0.0,30.24,15.059999,-27.119999,-17.135958,-90,-90,0,0,0,0,0,0,0,0,0,17,0,0
24.7894048,120.9950527,9.854000091552734,352.99560546875,0.0,40.92,11.28,-9.24,177.12253,-90,-90,0,0,0,0,0,0,0,0,0,17,0,0
24.7894148,120.9950464,9.835000038146973,350.40228271484375,0.0,31.14,-0.06,-30.42,-18.694094,-90,-90,0,0,0,0,0,0,0,0,0,17,0,0
24.7894148,120.9950464,9.835000038146973,350.40228271484375,0.0,18.48,-1.68,-38.64,93.653656,-90,-90,0,0,0,0,0,0,0,0,0,17,0,0
24.7894259,120.9950433,9.852999687194824,349.9872741699219,0.0,35.76,8.7,-22.56,-66.81846,-90,-90,0,0,0,0,0,0,0,0,0,17,0,0
24.7894259,120.9950433,9.852999687194824,349.9872741699219,0.0,40.26,4.44,-16.859999,-106.101166,-90,-90,0,0,0,0,0,0,0,0,0,17,0,0
24.7894259,120.9950433,9.852999687194824,349.9872741699219,0.0,21.72,-6.12,-36.96,101.07438,-90,-90,0,0,0,0,0,0,0,0,0,17,0,0
24.7894259,120.9950433,9.852999687194824,349.9872741699219,0.0,27.66,5.22,-31.679998,-20.114157,-90,-90,0,0,0,0,0,0,0,0,0,17,0,0
24.7894365,120.9950387,9.899999618530273,348.8127746582031,0.0,41.34,7.2599998,-14.34,-134.38873,-90,-90,0,0,0,0,0,0,0,0,0,17,0,0
24.789447,120.9950339,10.029999732971191,347.33111572265625,0.0,30.72,2.58,-28.439999,-50.718845,-90,-90,0,0,0,0,0,0,0,0,0,17,0,0
24.789447,120.9950339,10.029999732971191,347.33111572265625,0.0,23.22,1.1999999,-35.82,99.54402,-90,-90,0,0,0,0,0,0,0,0,0,17,0,0
24.789447,120.9950339,10.029999732971191,347.33111572265625,0.0,36.899998,15.54,-16.92,-58.276123,-90,-90,0,0,0,0,0,0,0,0,0,17,0,0
24.789447,120.9950339,10.029999732971191,347.33111572265625,0.0,42.48,4.98,-11.58,-159.98473,-90,-90,0,0,0,0,0,0,0,0,0,17,0,0
24.7894579,120.995028,10.21399974822998,345.3719787597656,0.0,33.42,-3.36,-25.68,82.16211,-90,-90,0,0,0,0,0,0,0,0,0,17,0,0
24.7894579,120.995028,10.21399974822998,345.3719787597656,0.0,33.78,7.9199996,-24.48,-19.062885,-90,-90,0,0,0,0,0,0,0,0,0,17,0,0
24.7894682,120.9950218,10.22700023651123,343.4412841796875,0.0,40.44,9.96,-12.059999,-126.233345,-90,-90,0,0,0,0,0,0,0,0,0,17,0,0
24.7894682,120.9950218,10.22700023651123,343.4412841796875,0.0,35.399998,5.04,-22.92,-73.4028,-90,-90,0,0,0,0,0,0,0,0,0,17,0,0
24.7894682,120.9950218,10.22700023651123,343.4412841796875,0.0,25.439999,-1.14,-34.38,98.659424,-90,-90,0,0,0,0,0,0,0,0,0,17,0,0
24.7894682,120.9950218,10.22700023651123,343.4412841796875,0.0,39.96,8.5199995,-14.099999,-47.44292,-90,-90,0,0,0,0,0,0,0,0,0,17,0,0
24.7894786,120.9950149,10.229000091552734,341.2734375,0.0,43.14,2.76,-7.14,-157.75662,-90,-90,0,0,0,0,0,0,0,0,0,17,0,0
24.7894884,120.9950091,10.204000473022461,340.3954162597656,0.0,32.88,-0.9,-27.18,51.948242,-90,-90,0,0,0,0,0,0,0,0,0,17,0,0
24.7894884,120.9950091,10.204000473022461,340.3954162597656,0.0,27.84,4.14,-31.439999,77.155464,-90,-90,0,0,0,0,0,0,0,0,0,17,0,0
24.7894884,120.9950091,10.204000473022461,340.3954162597656,0.0,40.559998,7.3799996,-13.259999,-104.14057,-90,-90,0,0,0,0,0,0,0,0,0,17,0,0
24.7894884,120.9950091,10.204000473022461,340.3954162597656,0.0,37.02,1.1999999,-19.08,-87.99515,-90,-90,0,0,0,0,0,0,0,0,0,17,0,0
24.7894984,120.9950014,10.211999893188477,338.84796142578125,0.0,27.3,-9.48,-30.179998,101.11789,-90,-90,0,0,0,0,0,0,0,0,0,17,0,0
24.7894984,120.9950014,10.211999893188477,338.84796142578125,0.0,32.46,5.8199997,-24.72,-20.614359,-90,-90,0,0,0,0,0,0,0,0,0,17,0,0
24.7895073,120.9949945,10.180999755859375,337.3866882324219,0.0,41.879997,0.96,-1.86,160.73495,-90,-90,0,0,0,0,0,0,0,0,0,17,0,0
24.7895073,120.9949945,10.180999755859375,337.3866882324219,0.0,36.96,-4.44,-17.94,-81.02029,-90,-90,0,0,0,0,0,0,0,0,0,17,0,0
24.7895073,120.9949945,10.180999755859375,337.3866882324219,0.0,31.019999,-0.71999997,-27.539999,89.777885,-90,-90,0,0,0,0,0,0,0,0,0,17,0,0
24.7895164,120.994988,10.149999618530273,336.0071105957031,0.0,39.96,5.1,-8.4,-79.15283,-90,-90,0,0,0,0,0,0,0,0,0,17,0,0
24.7895164,120.994988,10.149999618530273,336.0071105957031,0.0,42.0,-1.14,-7.14,-150.90915,-90,-90,0,0,0,0,0,0,0,0,0,17,0,0
24.7895251,120.9949798,10.128999710083008,334.3332824707031,0.0,31.5,-3.6,-27.18,106.99511,-90,-90,0,0,0,0,0,0,0,0,0,17,0,0
24.7895251,120.9949798,10.128999710083008,334.3332824707031,0.0,36.12,7.9199996,-21.359999,-31.269531,-90,-90,0,0,0,0,0,0,0,0,0,17,0,0
24.7895251,120.9949798,10.128999710083008,334.3332824707031,0.0,43.739998,4.98,0.65999997,-166.01105,-90,-90,0,0,0,0,0,0,0,0,0,17,0,0
24.7895329,120.9949706,10.147000312805176,332.174072265625,0.0,38.64,0.59999996,-18.48,-83.67243,-90,-90,0,0,0,0,0,0,0,0,0,17,0,0
24.7895329,120.9949706,10.147000312805176,332.174072265625,0.0,28.859999,-0.42,-31.5,94.409645,-90,-90,0,0,0,0,0,0,0,0,0,17,0,0
24.7895329,120.9949706,10.147000312805176,332.174072265625,0.0,42.239998,6.24,-9.0,-64.278915,-90,-90,0,0,0,0,0,0,0,0,0,17,0,0
24.7895411,120.9949617,10.142000198364258,330.29144287109375,0.0,43.5,-0.35999998,1.0799999,-172.2946,-90,-90,0,0,0,0,0,0,0,0,0,17,0,0
24.7895411,120.9949617,10.142000198364258,330.29144287109375,0.0,36.36,-2.76,-19.92,-54.84687,-90,-90,0,0,0,0,0,0,0,0,0,17,0,0
24.7895481,120.994954,10.142999649047852,328.75067138671875,0.0,32.1,5.1,-26.699999,88.0831,-90,-90,0,0,0,0,0,0,0,0,0,17,0,0
24.7895481,120.994954,10.142999649047852,328.75067138671875,0.0,41.76,6.18,-10.74,-84.38435,-90,-90,0,0,0,0,0,0,0,0,0,17,0,0
24.7895481,120.994954,10.142999649047852,328.75067138671875,0.0,44.16,-2.82,0.12,-145.53416,-90,-90,0,0,0,0,0,0,0,0,0,17,0,0
24.789556,120.9949451,10.156000137329102,327.2041931152344,0.0,40.62,-2.04,-16.74,-29.01475,-90,-90,0,0,0,0,0,0,0,0,0,17,0,0
24.789556,120.9949451,10.156000137329102,327.2041931152344,0.0,41.94,4.56,-15.9,-62.994766,0,-92,-95,0,0,0,0,0,0,0,0,17,0,0
24.789556,120.9949451,10.156000137329102,327.2041931152344,0.0,45.239998,2.28,-0.35999998,-161.22003,0,-92,-95,0,0,0,0,0,0,0,0,17,0,0
24.789556,120.9949451,10.156000137329102,327.2041931152344,0.0,37.92,-1.3199999,-23.58,-84.473076,0,-92,-95,0,0,0,0,0,0,0,0,17,0,0
24.789564,120.9949345,10.093000411987305,324.939697265625,0.0,30.48,-3.1799998,-32.579998,106.952805,0,-92,-95,0,0,0,0,0,0,0,0,17,0,0
24.789564,120.9949345,10.093000411987305,324.939697265625,0.0,43.2,2.3999999,-13.92,-71.98843,0,-92,-95,0,0,0,0,0,0,0,0,17,0,0
24.789564,120.9949345,10.093000411987305,324.939697265625,0.0,45.539997,-9.36,0.9,-176.83919,0,-92,-95,0,0,0,0,0,0,0,0,17,0,0
24.7895718,120.9949253,10.10099983215332,323.2400207519531,0.0,39.36,-8.22,-21.72,35.712326,0,-92,-95,0,0,0,0,0,0,0,0,17,0,0
24.7895718,120.9949253,10.10099983215332,323.2400207519531,0.0,37.92,1.56,-25.56,108.21425,0,-92,-95,0,0,0,0,0,0,0,0,17,0,0
24.7895784,120.994917,10.156000137329102,321.93707275390625,0.0,46.86,-1.4399999,-5.58,-126.90221,0,-92,-95,0,0,0,0,0,0,0,0,17,0,0
24.7895784,120.994917,10.156000137329102,321.93707275390625,0.0,44.46,-6.3599997,-10.86,-112.60596,0,-92,-95,0,0,0,0,0,0,0,0,17,0,0
24.7895784,120.994917,10.156000137329102,321.93707275390625,0.0,39.6,-0.24,-20.64,107.16365,0,-92,-95,0,0,0,0,0,0,0,0,17,0,0
24.7895845,120.9949093,10.178999900817871,320.9535217285156,0.0,45.84,5.4,-8.22,-75.17665,0,-92,-95,0,0,0,0,0,0,0,0,17,0,0
24.7895845,120.9949093,10.178999900817871,320.9535217285156,0.0,47.46,1.56,5.4,14.250509,0,-92,-95,0,0,0,0,0,0,0,0,17,0,0
24.7895845,120.9949093,10.178999900817871,320.9535217285156,0.0,39.96,-6.42,-21.0,-97.564674,0,-92,-95,0,0,0,0,0,0,0,0,17,0,0
24.7895845,120.9949093,10.178999900817871,320.9535217285156,0.0,37.739998,-1.38,-25.26,97.36585,0,-92,-95,0,0,0,0,0,0,0,0,17,0,0
24.7895905,120.9948997,10.184000015258789,319.2608642578125,0.0,44.7,-2.1599998,-13.559999,-88.05217,0,-92,-95,0,0,0,0,0,0,0,0,17,0,0
24.7895905,120.9948997,10.184000015258789,319.2608642578125,0.0,45.42,-8.22,-4.56,171.25928,0,-92,-95,0,0,0,0,0,0,0,0,17,0,0
24.7895966,120.9948893,10.152999877929688,317.7978515625,0.0,37.739998,-7.02,-26.039999,161.59111,0,-92,-95,0,0,0,0,0,0,0,0,17,0,0
24.7895966,120.9948893,10.152999877929688,317.7978515625,0.0,39.78,1.74,-22.08,-71.95077,0,-92,-95,0,0,0,0,0,0,0,0,17,0,0
24.7895966,120.9948893,10.152999877929688,317.7978515625,0.0,46.559998,-8.76,-1.3199999,142.8118,0,-92,-95,0,0,0,0,0,0,0,0,17,0,0
24.7895966,120.9948893,10.152999877929688,317.7978515625,0.0,42.6,-12.84,-10.26,-104.64513,0,-92,-95,0,0,0,0,0,0,0,0,17,0,0
24.789602,120.994879,10.102999687194824,316.43212890625,0.0,40.5,-3.9599998,-17.22,121.33313,0,-92,-95,0,0,0,0,0,0,0,0,17,0,0
24.7896057,120.994869,10.041999816894531,314.7172546386719,0.0,44.219997,-5.64,-7.3199997,-89.80197,0,-92,-95,0,0,0,0,0,0,0,0,17,0,0
24.7896057,120.994869,10.041999816894531,314.7172546386719,0.0,43.92,-13.74,5.52,149.46301,0,-92,-95,0,0,0,0,0,0,0,0,17,0,0
24.7896057,120.994869,10.041999816894531,314.7172546386719,0.0,41.579998,-11.219999,-12.9,159.89197,0,-92,-95,0,0,0,0,0,0,0,0,17,0,0
24.7896057,120.994869,10.041999816894531,314.7172546386719,0.0,43.68,-2.3999999,-11.639999,-95.19139,0,-92,-95,0,0,0,0,0,0,0,0,17,0,0
24.7896088,120.9948584,10.145000457763672,312.43170166015625,0.0,45.12,-10.62,0.24,151.71878,0,-92,-95,0,0,0,0,0,0,0,0,17,0,0
24.7896088,120.9948584,10.145000457763672,312.43170166015625,0.0,40.559998,-13.86,-14.099999,-105.66849,0,-92,-95,0,0,0,0,0,0,0,0,17,0,0
24.7896115,120.994848,10.140999794006348,310.1257629394531,0.0,40.68,-4.3199997,-18.72,126.31201,0,-92,-95,0,0,0,0,0,0,0,0,17,0,0
24.7896115,120.994848,10.140999794006348,310.1257629394531,0.0,45.539997,-2.22,-4.08,-81.05251,0,-92,-95,0,0,0,0,0,0,0,0,17,0,0
24.7896115,120.994848,10.140999794006348,310.1257629394531,0.0,45.42,-9.78,0.71999997,163.9799,0,-92,-95,0,0,0,0,0,0,0,0,17,0,0
24.7896148,120.9948366,10.107000350952148,308.04248046875,0.0,40.86,-8.58,-15.599999,-105.211365,0,-92,-95,0,0,0,0,0,0,0,0,17,0,0
24.7896148,120.9948366,10.107000350952148,308.04248046875,0.0,41.1,1.02,-17.1,150.96321,0,-92,-95,0,0,0,0,0,0,0,0,17,0,0
24.7896148,120.9948366,10.107000350952148,308.04248046875,0.0,45.0,-5.04,-2.1,-134.90161,0,-92,-95,0,0,0,0,0,0,0,0,17,0,0
24.7896148,120.9948366,10.107000350952148,308.04248046875,0.0,41.46,-12.719999,-3.12,-1.9525503,0,-92,-95,0,0,0,0,0,0,0,0,17,0,0
24.7896174,120.9948244,10.112000465393066,305.58489990234375,0.0,39.6,-9.059999,-16.859999,114.25994,0,-92,-95,0,0,0,0,0,0,0,0,17,0,0
24.7896216,120.9948145,10.072999954223633,304.7873840332031,0.0,43.68,2.7,-6.0,-69.98643,0,-92,-95,0,0,0,0,0,0,0,0,17,0,0
24.7896216,120.9948145,10.072999954223633,304.7873840332031,0.0,42.0,-13.139999,10.32,175.51404,0,-92,-95,0,0,0,0,0,0,0,0,17,0,0
24.7896216,120.9948145,10.072999954223633,304.7873840332031,0.0,39.6,-14.759999,-9.059999,-114.698395,0,-92,-95,0,0,0,0,0,0,0,0,17,0,0
24.7896216,120.9948145,10.072999954223633,304.7873840332031,0.0,39.6,0.53999996,-17.16,100.844765,0,-92,-95,0,0,0,0,0,0,0,0,17,0,0
24.7896243,120.9948024,10.032999992370605,302.6953430175781,0.0,44.94,0.12,-1.1999999,-81.85271,0,-92,-95,0,0,0,0,0,0,0,0,17,0,0
24.7896243,120.9948024,10.032999992370605,302.6953430175781,0.0,42.36,-12.12,7.2,-115.02329,0,-92,-95,0,0,0,0,0,0,0,0,17,0,0
24.7896276,120.9947902,10.027999877929688,301.00372314453125,0.0,37.68,-8.28,-15.179999,66.24998,0,-92,-95,0,0,0,0,0,0,0,0,17,0,0
24.7896276,120.9947902,10.027999877929688,301.00372314453125,0.0,35.64,0.42,-21.72,-71.8399,0,-92,-95,0,0,0,0,0,0,0,0,17,0,0
24.7896276,120.9947902,10.027999877929688,301.00372314453125,0.0,43.8,-4.68,-1.0799999,-148.3412,0,-92,-95,0,0,0,0,0,0,0,0,17,0,0
24.7896276,120.9947902,10.027999877929688,301.00372314453125,0.0,40.739998,-11.5199995,-3.54,-97.89056,0,-92,-95,0,0,0,0,0,0,0,0,17,0,0
24.7896302,120.9947778,10.069000244140625,299.1940002441406,0.0,39.3,-3.12,-14.759999,165.648,0,-92,-95,0,0,0,0,0,0,0,0,17,0,0
24.7896302,120.9947778,10.069000244140625,299.1940002441406,0.0,43.86,1.62,-2.82,-75.54246,0,-92,-95,0,0,0,0,0,0,0,0,17,0,0
24.7896339,120.9947651,10.048999786376953,298.2810974121094,0.0,41.94,-13.259999,4.98,175.41621,0,-92,-95,0,0,0,0,0,0,0,0,17,0,0
24.7896339,120.9947651,10.048999786376953,298.2810974121094,0.0,40.739998,-10.98,-7.68,-72.88888,0,-92,-95,0,0,0,0,0,0,0,0,17,0,0
24.7896339,120.9947651,10.048999786376953,298.2810974121094,0.0,41.579998,-4.44,-11.34,170.5115,0,-92,-95,0,0,0,0,0,0,0,0,17,0,0
24.7896367,120.9947508,10.067999839782715,296.77838134765625,0.0,42.66,-6.96,-0.59999996,-104.92543,0,-92,-95,0,0,0,0,0,0,0,0,17,0,0
24.7896367,120.9947508,10.067999839782715,296.77838134765625,0.0,39.12,-15.66,-3.6599998,-113.02215,0,-92,-95,0,0,0,0,0,0,0,0,17,0,0
24.7896386,120.9947368,10.053999900817871,295.0119323730469,0.0,34.92,-14.04,-18.359999,159.32884,0,-92,-95,0,0,0,0,0,0,0,0,17,0,0
24.7896386,120.9947368,10.053999900817871,295.0119323730469,0.0,36.42,-12.179999,-15.78,-96.81505,0,-92,-95,0,0,0,0,0,0,0,0,17,0,0
24.7896386,120.9947368,10.053999900817871,295.0119323730469,0.0,38.46,-11.16,-13.139999,-105.56572,0,-92,-95,0,0,0,0,0,0,0,0,17,0,0
24.7896396,120.9947231,10.0600004196167,292.8037414550781,0.0,39.239998,-12.54,-12.0,-108.760994,0,-92,-95,0,0,0,0,0,0,0,0,17,0,0
24.7896396,120.9947231,10.0600004196167,292.8037414550781,0.0,36.84,-12.0,-16.8,-97.286385,0,0,0,-83,0,0,0,0,0,0,-76,17,0,0
24.7896396,120.9947231,10.0600004196167,292.8037414550781,0.0,34.079998,-15.599999,-16.14,-102.8201,0,0,0,-83,0,0,0,0,0,0,-76,17,0,0
24.7896396,120.9947231,10.0600004196167,292.8037414550781,0.0,33.54,-18.48,-17.64,-117.600365,0,0,0,-83,0,0,0,0,0,0,-76,17,0,0
24.7896396,120.9947231,10.0600004196167,292.8037414550781,0.0,34.44,-12.3,-18.66,-102.02972,0,0,0,-83,0,0,0,0,0,0,-76,17,0,0
24.7896441,120.9946942,10.057000160217285,290.63763427734375,0.0,34.5,-9.3,-21.359999,-82.84655,0,0,0,-83,0,0,0,0,0,0,-76,17,0,0
24.7896441,120.9946942,10.057000160217285,290.63763427734375,0.0,37.14,-9.719999,-17.22,-102.12719,0,0,0,-83,0,0,0,0,0,0,-76,17,0,0
24.7896441,120.9946942,10.057000160217285,290.63763427734375,0.0,35.52,-13.5,-18.9,-103.021576,0,0,0,-83,0,0,0,0,0,0,-76,17,0,0
24.7896441,120.9946942,10.057000160217285,290.63763427734375,0.0,34.079998,-8.46,-20.699999,-96.42848,0,0,0,-83,0,0,0,0,0,0,-76,17,0,0
24.7896452,120.9946814,10.130000114440918,289.6020812988281,0.0,34.62,-11.219999,-19.92,-86.8753,0,0,0,-83,0,0,0,0,0,0,-76,17,0,0
24.7896452,120.9946814,10.130000114440918,289.6020812988281,0.0,36.059998,-14.099999,-16.5,-107.632484,0,0,0,-83,0,0,0,0,0,0,-76,17,0,0
24.7896471,120.9946657,10.13700008392334,288.7204895019531,0.0,37.5,-14.58,-13.0199995,-95.45371,0,0,0,-83,0,0,0,0,0,0,-76,17,0,0
24.7896471,120.9946657,10.13700008392334,288.7204895019531,0.0,38.28,-14.16,-12.66,-99.48546,0,0,0,-83,0,0,0,0,0,0,-76,17,0,0
24.7896471,120.9946657,10.13700008392334,288.7204895019531,0.0,37.98,-15.179999,-9.12,-112.50599,0,0,0,-83,0,0,0,0,0,0,-76,17,0,0
24.7896471,120.9946657,10.13700008392334,288.7204895019531,0.0,37.5,-19.5,-11.4,-116.57243,-91,0,0,0,-86,0,0,0,0,0,0,17,0,0
24.7896488,120.9946515,10.144000053405762,288.0580749511719,0.0,39.66,-14.5199995,-6.7799997,172.82416,-91,0,0,0,-86,0,0,0,0,0,0,17,0,0
24.7896488,120.9946515,10.144000053405762,288.0580749511719,0.0,38.7,-10.98,-12.48,-168.90903,-91,0,0,0,-86,0,0,0,0,0,0,17,0,0
24.7896488,120.9946515,10.144000053405762,288.0580749511719,0.0,37.38,-17.88,-11.34,-114.61335,-91,0,0,0,-86,0,0,0,0,0,0,17,0,0
24.7896488,120.9946515,10.144000053405762,288.0580749511719,0.0,39.18,-13.86,-7.2599998,-111.031136,-91,0,0,0,-86,0,0,0,0,0,0,17,0,0
24.7896485,120.9946362,10.118000030517578,286.09857177734375,0.0,39.12,-8.099999,-12.48,-179.31859,-91,0,0,0,-86,0,0,0,0,0,0,17,0,0
24.7896485,120.9946362,10.118000030517578,286.09857177734375,0.0,37.02,-14.58,-15.0,-109.355446,-91,0,0,0,-86,0,0,0,0,0,0,17,0,0
24.7896486,120.9946226,10.090999603271484,283.96575927734375,0.0,35.219997,-25.32,-0.78,-131.69165,-91,0,0,0,-86,0,0,0,0,0,0,17,0,0
24.7896493,120.9946098,10.128999710083008,283.05926513671875,0.0,37.2,-21.96,-7.2,-122.53966,-91,0,0,0,-86,0,0,0,0,0,0,17,0,0
24.7896493,120.9946098,10.128999710083008,283.05926513671875,0.0,37.26,-14.94,-18.359999,115.07511,-91,0,0,0,-86,0,0,0,0,0,0,17,0,0
24.7896493,120.9946098,10.128999710083008,283.05926513671875,0.0,35.94,-21.119999,-13.559999,-115.752594,-91,0,0,0,-86,0,0,0,0,0,0,17,0,0
24.789649,120.9945962,10.184000015258789,281.8682861328125,0.0,32.04,-28.38,-7.56,-133.96849,-91,0,0,0,-86,0,0,0,0,0,0,17,0,0
24.789649,120.9945962,10.184000015258789,281.8682861328125,0.0,37.92,-21.9,-8.16,-145.80489,-91,0,0,0,-86,0,0,0,0,0,0,17,0,0
24.78962,120.9944382,10.13700008392334,258.9349365234375,0.0,29.939999,-31.199999,0.29999998,-168.82974,0,0,-93,0,-85,0,0,0,0,0,0,17,0,0
24.7896125,120.9944247,10.199999809265137,252.64932250976562,0.0,18.6,-37.62,-2.28,-149.72975,0,0,-93,0,-85,0,0,0,0,0,0,17,0,0
24.7896125,120.9944247,10.199999809265137,252.64932250976562,0.0,9.9,-41.34,-4.38,-163.68555,0,0,-93,0,-85,0,0,0,0,0,0,17,0,0
24.7896074,120.9944125,10.215999603271484,247.6968994140625,0.0,22.56,-36.3,3.6,-165.25183,0,0,-93,0,-85,0,0,0,0,0,0,17,0,0
24.7896074,120.9944125,10.215999603271484,247.6968994140625,0.0,19.92,-37.2,5.52,-146.18835,0,0,-93,0,-85,0,0,0,0,0,0,17,0,0
24.7896074,120.9944125,10.215999603271484,247.6968994140625,0.0,15.66,-40.02,-0.35999998,-173.76456,0,0,-93,0,-85,0,0,0,0,0,0,17,0,0
24.7896074,120.9944125,10.215999603271484,247.6968994140625,0.0,15.78,-39.6,-0.78,-156.32733,0,0,-93,0,-85,0,0,0,0,0,0,17,0,0
24.7896006,120.9944019,10.243000030517578,240.0999298095703,0.0,27.119999,-33.78,-0.59999996,-177.54286,0,0,-93,0,-85,0,0,0,0,0,0,17,0,0
24.7896006,120.9944019,10.243000030517578,240.0999298095703,0.0,21.539999,-36.36,1.26,-144.46335,0,0,-93,0,-85,0,0,0,0,0,0,17,0,0
24.7896006,120.9944019,10.243000030517578,240.0999298095703,0.0,12.24,-40.8,-1.38,-164.71576,0,0,-93,0,-85,0,0,0,0,0,0,17,0,0
24.7895943,120.9943908,10.284000396728516,241.5142059326172,0.0,22.68,-36.719997,4.74,-151.00443,0,0,-93,0,-85,0,0,0,0,0,0,17,0,0
24.7895943,120.9943908,10.284000396728516,241.5142059326172,0.0,28.56,-32.94,4.44,-175.3875,0,0,-93,0,-85,0,0,0,0,0,0,17,0,0
24.7895943,120.9943908,10.284000396728516,241.5142059326172,0.0,18.3,-38.7,1.74,-147.6026,0,0,-93,0,-85,0,0,0,0,0,0,17,0,0
24.7895899,120.9943809,10.291999816894531,243.10194396972656,0.0,15.12,-40.079998,-0.9,-158.74889,0,0,-93,0,-85,0,0,0,0,0,0,17,0,0
24.7895899,120.9943809,10.291999816894531,243.10194396972656,0.0,29.519999,-31.38,2.76,169.17068,0,0,-93,0,-85,0,0,0,0,0,0,17,0,0
24.7895899,120.9943809,10.291999816894531,243.10194396972656,0.0,31.92,-28.439999,1.02,-127.41942,0,0,-93,0,-85,0,0,0,0,0,0,17,0,0
24.7895838,120.9943702,10.305999755859375,235.04721069335938,0.0,23.039999,-35.64,-1.86,-173.00656,0,0,-93,0,-85,0,0,0,0,0,0,17,0,0
24.7895838,120.9943702,10.305999755859375,235.04721069335938,0.0,22.56,-35.04,-4.02,-147.22491,0,0,-93,0,-85,0,0,0,0,0,0,17,0,0
24.7895767,120.9943608,10.291999816894531,232.3685302734375,0.0,35.34,-24.0,-7.14,-141.75276,0,0,-93,0,-85,0,0,0,0,0,0,17,0,0
24.7895767,120.9943608,10.291999816894531,232.3685302734375,0.0,34.2,-26.76,-1.1999999,-112.71914,0,0,-93,0,-85,0,0,0,0,0,0,17,0,0
24.7895767,120.9943608,10.291999816894531,232.3685302734375,0.0,19.5,-37.559998,-2.9399998,-157.7042,0,0,-93,0,-85,0,0,0,0,0,0,17,0,0
24.789569,120.9943538,10.277000427246094,235.88931274414062,0.0,27.42,-33.78,2.28,-145.7474,0,0,-93,0,-85,0,0,0,0,0,0,17,0,0
24.789569,120.9943538,10.277000427246094,235.88931274414062,0.0,35.16,-24.84,-3.3,176.35802,0,0,-93,0,-85,0,0,0,0,0,0,17,0,0
24.7895607,120.9943444,10.208000183105469,232.82313537597656,0.0,29.4,-32.579998,3.72,-105.51282,0,0,-93,0,-85,0,0,0,0,0,0,17,0,0
24.7895607,120.9943444,10.208000183105469,232.82313537597656,0.0,20.039999,-39.36,-2.58,-152.22728,0,0,-91,0,-89,0,0,0,0,0,0,17,0,0
24.7895607,120.9943444,10.208000183105469,232.82313537597656,0.0,31.019999,-30.42,-7.08,174.77066,0,0,-91,0,-89,0,0,0,0,0,0,17,0,0
24.7895607,120.9943444,10.208000183105469,232.82313537597656,0.0,34.68,-27.66,-7.62,-126.05248,0,0,-91,0,-89,0,0,0,0,0,0,17,0,0
24.7895523,120.9943343,10.243000030517578,231.896484375,0.0,21.42,-38.76,-2.34,-175.04301,0,0,-91,0,-89,0,0,0,0,0,0,17,0,0
24.7895442,120.9943242,10.276000022888184,231.57896423339844,0.0,15.66,-40.559998,-3.4199998,-158.13947,0,0,-91,0,-89,0,0,0,0,0,0,17,0,0
24.7895442,120.9943242,10.276000022888184,231.57896423339844,0.0,31.019999,-32.46,-4.5,-170.78769,0,0,-91,0,-89,0,0,0,0,0,0,17,0,0
24.7895442,120.9943242,10.276000022888184,231.57896423339844,0.0,26.34,-36.0,-1.3199999,-140.32947,0,0,-91,0,-89,0,0,0,0,0,0,17,0,0
24.7895442,120.9943242,10.276000022888184,231.57896423339844,0.0,10.98,-41.7,-3.54,-171.58737,0,0,-91,0,-89,0,0,0,0,0,0,17,0,0
24.7895376,120.9943158,10.274999618530273,230.5098876953125,0.0,21.119999,-38.399998,3.4199998,-160.13316,0,0,-91,0,-89,0,0,0,0,0,0,17,0,0
24.7895376,120.9943158,10.274999618530273,230.5098876953125,0.0,33.12,-30.0,-1.14,-164.39598,0,0,-91,0,-89,0,0,0,0,0,0,17,0,0
24.7895295,120.9943053,10.234000205993652,226.77000427246094,0.0,21.539999,-37.14,-1.1999999,-145.07608,0,0,-91,0,-89,0,0,0,0,0,0,17,0,0
24.7895295,120.9943053,10.234000205993652,226.77000427246094,0.0,13.259999,-40.5,-1.56,-160.32211,0,0,-91,0,-89,0,0,0,0,0,0,17,0,0
24.7895295,120.9943053,10.234000205993652,226.77000427246094,0.0,28.8,-32.1,1.9799999,-175.94255,0,0,-91,0,-89,0,0,0,0,0,0,17,0,0
24.7895295,120.9943053,10.234000205993652,226.77000427246094,0.0,25.74,-33.54,-1.74,-138.01451,0,0,0,0,-79,0,0,-72,0,0,0,17,0,0
24.7895211,120.9942956,10.128000259399414,221.9804229736328,0.0,13.74,-39.84,-1.74,-173.81143,0,0,0,0,-79,0,0,-72,0,0,0,17,0,0
24.7895211,120.9942956,10.128000259399414,221.9804229736328,0.0,17.58,-39.42,-1.8,-155.0241,0,0,0,0,-79,0,0,-72,0,0,0,17,0,0
24.7895211,120.9942956,10.128000259399414,221.9804229736328,0.0,32.88,-28.98,-2.46,-158.15125,0,0,0,0,-79,0,0,-72,0,0,0,17,0,0
24.7895211,120.9942956,10.128000259399414,221.9804229736328,0.0,23.279999,-33.6,-9.0,-140.85947,0,0,0,0,-79,0,0,-72,0,0,0,17,0,0
24.7895111,120.9942861,10.10099983215332,222.06637573242188,0.0,8.22,-41.1,-8.099999,-163.51375,0,0,0,0,-79,0,0,-72,0,0,0,17,0,0
24.7895027,120.9942799,10.081000328063965,221.2528076171875,0.0,20.22,-38.46,7.2,-161.17795,0,0,0,0,-79,0,0,-72,0,0,0,17,0,0
24.7895027,120.9942799,10.081000328063965,221.2528076171875,0.0,26.939999,-33.6,3.3,-176.83351,0,0,0,0,-79,0,0,-72,0,0,0,17,0,0
24.7895027,120.9942799,10.081000328063965,221.2528076171875,0.0,17.58,-39.66,-0.06,-148.1599,0,0,0,0,-79,0,0,-72,0,0,0,17,0,0
24.7895027,120.9942799,10.081000328063965,221.2528076171875,0.0,12.719999,-40.68,-0.78,-162.45346,0,0,0,0,-79,0,0,-72,0,0,0,17,0,0
24.7894947,120.994275,10.043999671936035,220.70164489746094,0.0,26.88,-32.1,10.0199995,166.08746,0,0,0,0,-79,0,0,-72,0,0,0,17,0,0
24.7894947,120.994275,10.043999671936035,220.70164489746094,0.0,28.619999,-32.46,4.5,-134.98152,0,0,0,0,-79,0,0,-72,0,0,0,17,0,0
24.7894859,120.9942681,10.053000450134277,220.6505126953125,0.0,18.539999,-39.0,4.02,176.85725,0,0,0,0,-79,0,0,-72,0,0,0,17,0,0
24.7894859,120.9942681,10.053000450134277,220.6505126953125,0.0,17.039999,-40.32,0.59999996,-154.85672,0,0,0,0,-79,0,0,-72,0,0,0,17,0,0
24.7894859,120.9942681,10.053000450134277,220.6505126953125,0.0,31.38,-31.439999,1.9799999,-154.1279,0,0,0,0,-79,0,0,-72,0,0,0,17,0,0
24.7894763,120.9942593,10.057000160217285,219.71792602539062,0.0,27.06,-35.16,1.86,-139.53008,0,0,0,0,-79,0,0,-72,0,0,0,17,0,0
24.7894763,120.9942593,10.057000160217285,219.71792602539062,0.0,15.96,-41.04,-1.56,-175.08333,0,0,0,0,-79,0,0,-72,0,0,0,17,0,0
24.7894678,120.9942514,10.085000038146973,220.53089904785156,0.0,16.859999,-40.68,6.0,-155.43565,0,0,0,0,-79,0,0,-72,0,0,0,17,0,0
24.7894678,120.9942514,10.085000038146973,220.53089904785156,0.0,27.42,-33.96,3.6,-156.8144,0,0,0,0,-79,0,0,-72,0,0,0,17,0,0
24.7894678,120.9942514,10.085000038146973,220.53089904785156,0.0,14.639999,-41.16,1.14,-154.88048,0,0,0,0,-79,0,0,-72,0,0,0,17,0,0
24.7894678,120.9942514,10.085000038146973,220.53089904785156,0.0,8.46,-42.6,-1.4399999,-167.38667,0,0,0,0,-79,0,0,-72,0,0,0,17,0,0
24.7894606,120.9942442,10.067000389099121,220.7259979248047,0.0,23.58,-36.059998,10.74,-158.43285,0,0,0,0,-79,0,0,-72,0,0,0,17,0,0
24.7894606,120.9942442,10.067000389099121,220.7259979248047,0.0,24.18,-36.84,6.8399997,-137.7248,0,0,0,0,-79,0,0,-72,0,0,0,17,0,0
24.7894502,120.9942368,10.088000297546387,216.84417724609375,0.0,10.559999,-41.46,8.4,127.548004,0,0,0,0,-79,0,0,-72,0,0,0,17,0,0
24.7894502,120.9942368,10.088000297546387,216.84417724609375,0.0,5.46,-41.1,12.96,-166.87335,0,0,0,0,-79,0,0,-72,0,0,0,17,0,0
24.7894502,120.9942368,10.088000297546387,216.84417724609375,0.0,25.439999,-33.42,13.92,-148.78561,0,0,0,0,0,0,-69,-68,0,0,0,17,0,0
24.7894391,120.9942301,10.090999603271484,214.24258422851562,0.0,19.859999,-37.86,10.92,-149.05783,0,0,0,0,0,0,-69,-68,0,0,0,17,0,0
24.7894391,120.9942301,10.090999603271484,214.24258422851562,0.0,8.04,-41.94,7.68,-166.30653,0,0,0,0,0,0,-69,-68,0,0,0,17,0,0
24.7894391,120.9942301,10.090999603271484,214.24258422851562,0.0,9.9,-34.68,24.9,-135.8495,0,0,0,0,0,0,-69,-68,0,0,0,17,0,0
24.7894391,120.9942301,10.090999603271484,214.24258422851562,0.0,21.48,-35.88,13.139999,-157.12157,0,0,0,0,0,0,-69,-68,0,0,0,17,0,0
24.7894292,120.9942245,10.119999885559082,211.47084045410156,0.0,10.679999,-41.7,0.53999996,-163.6483,0,0,0,0,0,0,-69,-68,0,0,0,17,0,0
24.7894292,120.9942245,10.119999885559082,211.47084045410156,0.0,4.2599998,-42.54,-0.12,-174.34625,0,0,0,0,0,0,-69,-68,0,0,0,17,0,0
24.7894177,120.9942174,10.159000396728516,210.83070373535156,0.0,19.98,-34.32,17.64,-158.53333,0,0,0,0,0,0,-69,-68,0,0,0,17,0,0
24.7894177,120.9942174,10.159000396728516,210.83070373535156,0.0,21.3,-36.36,11.88,-141.66714,0,0,0,0,0,0,-69,-68,0,0,0,17,0,0
24.7894072,120.9942105,10.17199993133545,210.72869873046875,0.0,8.58,-41.04,8.22,150.30017,0,0,0,0,0,0,-69,-68,0,0,0,17,0,0
24.7894072,120.9942105,10.17199993133545,210.72869873046875,0.0,6.18,-42.899998,8.34,-169.71748,0,0,0,0,0,0,-69,-68,0,0,0,17,0,0
24.7894072,120.9942105,10.17199993133545,210.72869873046875,0.0,22.439999,-36.0,12.66,-144.64026,0,0,0,0,0,0,-69,-68,0,0,0,17,0,0
24.7893974,120.9942047,10.156000137329102,209.96226501464844,0.0,13.86,-39.719997,6.2999997,-158.46024,0,0,0,0,0,0,-69,-68,0,0,0,17,0,0
24.7893974,120.9942047,10.156000137329102,209.96226501464844,0.0,4.3199997,-40.14,-14.099999,-162.70828,0,0,0,0,0,0,-69,-68,0,0,0,17,0,0
24.7893876,120.9941994,10.170000076293945,209.31033325195312,0.0,12.84,-40.98,4.08,-162.87128,0,0,0,0,0,0,-69,-68,0,0,0,17,0,0
24.7893876,120.9941994,10.170000076293945,209.31033325195312,0.0,20.88,-37.8,5.46,168.60295,0,0,0,0,0,0,-69,-68,0,0,0,17,0,0
24.7893876,120.9941994,10.170000076293945,209.31033325195312,0.0,11.04,-41.82,0.0,-162.02097,0,0,0,0,0,0,-69,-68,0,0,0,17,0,0
24.7893876,120.9941994,10.170000076293945,209.31033325195312,0.0,6.12,-41.82,-4.74,-167.60042,0,0,0,0,0,0,-69,-68,0,0,0,17,0,0
24.789377,120.9941953,10.161999702453613,207.30345153808594,0.0,19.5,-38.52,9.9,-161.01855,0,0,0,0,0,0,-69,-68,0,0,0,17,0,0
24.789377,120.9941953,10.161999702453613,207.30345153808594,0.0,22.14,-37.38,7.5,-148.193,0,0,0,0,0,0,-69,-68,0,0,0,17,0,0
24.789366,120.9941901,10.178999900817871,206.5134735107422,0.0,9.84,-42.3,-3.0,-167.69762,0,0,0,0,0,0,-69,-68,0,0,0,17,0,0
24.789366,120.9941901,10.178999900817871,206.5134735107422,0.0,1.0799999,-43.62,-3.06,-178.01773,0,0,0,0,0,0,-69,-68,0,0,0,17,0,0
24.789366,120.9941901,10.178999900817871,206.5134735107422,0.0,20.52,-37.26,14.4,-171.8258,0,0,0,0,0,0,-69,-68,0,0,0,17,0,0
24.789366,120.9941901,10.178999900817871,206.5134735107422,0.0,20.699999,-39.239998,3.6599998,-149.1623,0,0,0,0,0,0,-69,-68,0,0,0,17,0,0
24.7893557,120.9941867,10.243000030517578,204.764404296875,0.0,7.5,-42.3,-3.6599998,-171.13092,0,0,0,0,0,0,-69,-68,0,0,0,17,0,0
24.7893466,120.9941829,10.243000030517578,204.18695068359375,0.0,5.2799997,-43.86,5.2799997,-171.15741,0,0,0,0,0,0,-69,-68,0,0,0,17,0,0
24.7893466,120.9941829,10.243000030517578,204.18695068359375,0.0,21.3,-40.559998,5.4,178.56607,0,0,0,0,0,0,-69,-68,0,0,0,17,0,0
24.7893466,120.9941829,10.243000030517578,204.18695068359375,0.0,8.76,-44.16,-2.58,-165.34526,0,0,0,0,0,0,-69,-68,0,0,0,17,0,0
24.7893466,120.9941829,10.243000030517578,204.18695068359375,0.0,-0.9,-45.239998,-2.9399998,-177.81326,0,0,0,0,0,0,-69,-68,0,0,0,17,0,0
24.7893371,120.9941814,10.222999572753906,202.5513458251953,0.0,17.1,-38.1,18.9,-151.20093,0,0,0,0,0,0,-69,-68,0,0,0,17,0,0
24.7893371,120.9941814,10.222999572753906,202.5513458251953,0.0,24.0,-39.059998,7.56,-147.14798,0,0,0,0,0,0,-69,-68,0,0,0,17,0,0
24.7893279,120.9941782,10.201000213623047,202.02015686035156,0.0,4.92,-44.399998,-5.64,-169.88914,0,0,0,0,0,0,-69,-68,0,0,0,17,0,0
24.7893279,120.9941782,10.201000213623047,202.02015686035156,0.0,0.9,-44.399998,-4.68,-179.00366,0,0,0,0,0,0,-69,-68,0,0,0,17,0,0
24.7893279,120.9941782,10.201000213623047,202.02015686035156,0.0,17.699999,-40.559998,6.54,-157.74634,0,0,0,0,0,0,-69,-68,0,0,0,17,0,0
24.7893279,120.9941782,10.201000213623047,202.02015686035156,0.0,13.44,-41.28,3.36,-161.26352,0,0,0,0,0,0,-69,-68,0,0,0,17,0,0
24.7893171,120.9941761,10.194999694824219,200.6388397216797,0.0,-4.74,-42.48,-8.639999,-170.04866,0,0,0,0,0,0,-69,-68,0,0,0,17,0,0
24.7893059,120.9941734,10.184000015258789,199.66233825683594,0.0,-5.22,-42.78,6.8399997,175.80336,0,0,0,0,0,0,-69,-68,0,0,0,17,0,0
24.7893059,120.9941734,10.184000015258789,199.66233825683594,0.0,9.66,-39.719997,13.259999,-166.89058,0,0,0,0,0,0,-69,-68,0,0,0,17,0,0
24.7893059,120.9941734,10.184000015258789,199.66233825683594,0.0,-3.6,-42.78,-2.52,174.5863,0,0,0,0,0,0,-69,-68,0,0,0,17,0,0
24.7893059,120.9941734,10.184000015258789,199.66233825683594,0.0,-12.66,-40.8,-6.6,172.16986,0,0,0,0,0,0,-69,-68,0,0,0,17,0,0
24.7892964,120.9941718,10.177000045776367,198.44847106933594,0.0,4.92,-40.62,12.78,-164.42184,0,0,0,0,0,0,-69,-68,0,0,0,17,0,0
24.7892964,120.9941718,10.177000045776367,198.44847106933594,0.0,8.58,-41.16,6.3599997,-164.45364,0,0,0,0,0,0,-69,-68,0,0,0,17,0,0
24.7892861,120.9941703,10.11299991607666,196.946044921875,0.0,-5.7,-40.62,-7.8599997,-148.02682,0,0,0,0,0,0,-69,-68,0,0,0,17,0,0
24.7892861,120.9941703,10.11299991607666,196.946044921875,0.0,-9.059999,-39.96,-7.44,166.23045,0,0,0,0,0,0,-69,-68,0,0,0,17,0,0
24.7892861,120.9941703,10.11299991607666,196.946044921875,0.0,9.54,-39.66,11.94,-165.18779,0,0,0,0,0,0,-69,-68,0,0,0,17,0,0
24.7892861,120.9941703,10.11299991607666,196.946044921875,0.0,7.2,-40.14,5.94,-165.46788,0,0,0,0,0,0,-69,-68,0,0,0,17,0,0
24.7892757,120.9941696,10.029999732971191,195.17141723632812,0.0,-5.2799997,-41.1,-6.42,-171.14407,0,0,0,0,0,0,-69,-68,0,0,0,17,0,0
24.7892653,120.994169,10.006999969482422,193.66128540039062,0.0,-3.84,-41.219997,3.78,176.3269,0,0,0,0,0,0,-69,-68,0,0,0,17,0,0
24.7892653,120.994169,10.006999969482422,193.66128540039062,0.0,9.42,-40.92,6.8399997,-166.05806,0,0,0,0,0,0,-69,-68,0,0,0,17,0,0
24.7892653,120.994169,10.006999969482422,193.66128540039062,0.0,-0.78,-42.3,-2.76,178.72926,0,0,0,0,0,0,-69,-68,0,0,0,17,0,0
24.7892653,120.994169,10.006999969482422,193.66128540039062,0.0,-9.66,-41.76,-8.46,-163.69894,0,0,0,0,0,0,-69,-68,0,0,0,17,0,0
24.7892534,120.9941678,9.979000091552734,192.57022094726562,0.0,1.8,-41.52,13.92,-157.37871,0,0,0,0,0,0,0,-68,0,-66,0,17,0,0
24.7892534,120.9941678,9.979000091552734,192.57022094726562,0.0,5.46,-43.5,6.18,-169.31255,0,0,0,0,0,0,0,-68,0,-66,0,17,0,0
24.7892406,120.9941666,9.944000244140625,191.35597229003906,0.0,-11.46,-42.36,-8.94,-178.62433,0,0,0,0,0,0,0,-68,0,-66,0,17,0,0
24.7892406,120.9941666,9.944000244140625,191.35597229003906,0.0,-18.66,-38.04,-14.28,158.36517,0,0,0,0,0,0,0,-68,0,-66,0,17,0,0
24.7892406,120.9941666,9.944000244140625,191.35597229003906,0.0,2.34,-42.6,13.74,-162.39917,0,0,0,0,0,0,0,-68,0,-66,0,17,0,0
24.7892406,120.9941666,9.944000244140625,191.35597229003906,0.0,3.3,-41.34,7.3799996,-169.54474,0,0,0,0,0,0,0,-68,0,-66,0,17,0,0
24.7892406,120.9941666,9.944000244140625,191.35597229003906,0.0,-9.78,-41.16,-6.42,-155.93791,0,0,0,0,0,0,0,-68,0,-66,0,17,0,0
24.7892195,120.994165,9.887999534606934,189.57676696777344,0.0,-10.38,-40.739998,-3.9599998,164.2005,0,0,0,0,0,0,0,-68,0,-66,0,17,0,0
24.7892195,120.994165,9.887999534606934,189.57676696777344,0.0,8.28,-40.5,10.08,-160.67096,0,0,0,0,0,0,0,-68,0,-66,0,17,0,0
24.7892195,120.994165,9.887999534606934,189.57676696777344,0.0,5.64,-40.92,2.52,-171.09306,0,0,0,0,0,0,0,-68,0,-66,0,17,0,0
24.7892195,120.994165,9.887999534606934,189.57676696777344,0.0,-5.2799997,-40.68,-13.08,-172.3901,0,0,0,0,0,0,0,-68,0,-66,0,17,0,0
24.7892095,120.9941658,9.842000007629395,188.4263916015625,0.0,-2.82,-42.18,1.86,176.79909,0,0,0,0,0,0,0,-68,0,-66,0,17,0,0
24.7892095,120.9941658,9.842000007629395,188.4263916015625,0.0,12.48,-40.92,4.2599998,-163.29927,0,0,0,0,0,0,0,-68,0,-66,0,17,0,0
24.7891983,120.9941646,9.82800006866455,188.3107147216797,0.0,2.9399998,-42.48,1.1999999,-174.85818,0,0,0,0,0,0,0,-68,0,-66,0,17,0,0
24.7891983,120.9941646,9.82800006866455,188.3107147216797,0.0,-6.3599997,-41.04,-9.78,-177.4029,0,0,0,0,0,0,0,-68,0,-66,0,17,0,0
24.7891983,120.9941646,9.82800006866455,188.3107147216797,0.0,7.62,-40.14,14.5199995,-155.61705,0,0,0,0,0,0,0,-68,0,-66,0,17,0,0
24.7891983,120.9941646,9.82800006866455,188.3107147216797,0.0,13.559999,-39.48,8.46,-158.48758,0,0,0,0,0,0,0,-68,0,-66,0,17,0,0
24.7891863,120.9941653,9.918999671936035,187.8843231201172,0.0,-0.42,-43.26,-4.14,-165.75648,0,0,0,0,0,0,0,-68,0,-66,0,17,0,0
24.7891863,120.9941653,9.918999671936035,187.8843231201172,0.0,-5.46,-42.899998,-7.44,173.65294,0,0,0,0,0,0,0,-68,0,-66,0,17,0,0
24.7891741,120.9941648,9.923999786376953,187.63307189941406,0.0,9.9,-40.62,11.04,-160.32358,0,0,0,0,0,0,0,-68,0,-66,0,17,0,0
24.7891741,120.9941648,9.923999786376953,187.63307189941406,0.0,10.44,-42.54,8.28,-160.33609,0,0,0,0,0,0,0,-68,0,-66,0,17,0,0
24.7891741,120.9941648,9.923999786376953,187.63307189941406,0.0,-5.16,-44.1,-2.1,-175.47125,0,0,0,0,0,0,0,-68,0,-66,0,17,0,0
24.789162,120.9941667,9.930999755859375,186.8726043701172,0.0,-5.04,-42.899998,4.44,173.30626,0,0,0,0,0,0,0,-68,0,-66,0,17,0,0
24.789162,120.9941667,9.930999755859375,186.8726043701172,0.0,10.5,-41.219997,12.9,-154.98584,0,0,0,0,0,0,0,-68,0,-66,0,17,0,0
24.789162,120.9941667,9.930999755859375,186.8726043701172,0.0,0.71999997,-42.84,6.54,-177.10217,0,0,0,0,0,0,0,-68,0,-66,0,17,0,0
24.789151,120.9941666,10.006999969482422,186.5733642578125,0.0,-9.12,-41.219997,-6.7799997,168.78647,0,0,0,0,0,0,0,-68,0,-66,0,17,0,0
24.789151,120.9941666,10.006999969482422,186.5733642578125,0.0,1.3199999,-41.1,11.28,-162.16145,0,0,0,0,0,0,0,-68,0,-66,0,17,0,0
24.789151,120.9941666,10.006999969482422,186.5733642578125,0.0,10.62,-40.86,5.64,-171.63748,0,0,0,0,0,0,0,-68,0,-66,0,17,0,0
24.789151,120.9941666,10.006999969482422,186.5733642578125,0.0,-2.9399998,-41.64,-7.14,177.84778,0,0,0,0,0,0,0,-68,0,-66,0,17,0,0
24.7891414,120.9941678,10.093999862670898,185.65521240234375,0.0,-8.58,-39.66,-9.96,169.96758,0,0,0,0,0,0,0,-68,0,-66,0,17,0,0
24.7891414,120.9941678,10.093999862670898,185.65521240234375,0.0,6.12,-40.559998,12.599999,-161.38197,0,0,0,0,0,0,0,-68,0,-66,0,17,0,0
24.7891414,120.9941678,10.093999862670898,185.65521240234375,0.0,10.8,-40.26,6.54,-160.23701,0,0,0,0,0,0,0,-68,0,-66,0,17,0,0
24.7891324,120.9941682,10.069000244140625,184.94532775878906,0.0,-3.9599998,-42.12,-6.12,-167.19832,0,0,0,0,0,0,0,-65,0,-66,0,17,0,0
24.7891219,120.9941684,10.145000457763672,184.57620239257812,0.0,-5.94,-42.42,-2.34,171.48326,0,0,0,0,0,0,0,-65,0,-66,0,17,0,0
24.7891219,120.9941684,10.145000457763672,184.57620239257812,0.0,12.059999,-40.379997,10.5,-161.14824,0,0,0,0,0,0,0,-65,0,-66,0,17,0,0
24.7891219,120.9941684,10.145000457763672,184.57620239257812,0.0,9.0,-42.42,1.68,-167.15001,0,0,0,0,0,0,0,-65,0,-66,0,17,0,0
24.7891118,120.9941696,10.11400032043457,183.94203186035156,0.0,-4.38,-43.32,-6.8399997,-168.17517,0,0,0,0,0,0,0,-65,0,-66,0,17,0,0
24.7891118,120.9941696,10.11400032043457,183.94203186035156,0.0,-6.42,-44.1,3.12,172.10184,0,0,0,0,0,0,0,-65,0,-66,0,17,0,0
24.7891118,120.9941696,10.11400032043457,183.94203186035156,0.0,12.0,-43.14,14.7,-161.03494,0,0,0,0,0,0,0,-65,0,-66,0,17,0,0
24.7891008,120.9941707,10.013999938964844,183.5140838623047,0.0,1.38,-45.059998,3.4199998,-177.2037,0,0,0,0,0,0,0,-65,0,-66,0,17,0,0
24.7891008,120.9941707,10.013999938964844,183.5140838623047,0.0,-6.42,-44.7,-6.6,-178.80077,0,0,0,0,0,0,0,-65,0,-66,0,17,0,0
24.7891008,120.9941707,10.013999938964844,183.5140838623047,0.0,0.65999997,-44.28,13.139999,-167.08916,0,0,0,0,0,0,0,-65,0,-66,0,17,0,0
24.7891008,120.9941707,10.013999938964844,183.5140838623047,0.0,13.0199995,-42.3,15.48,-154.91685,0,0,0,0,0,0,0,-65,0,-66,0,17,0,0
24.7890907,120.9941721,10.031000137329102,183.0274658203125,0.0,-0.84,-45.18,2.7,179.49586,0,0,0,0,0,0,0,-65,0,-66,0,17,0,0
24.7890907,120.9941721,10.031000137329102,183.0274658203125,0.0,-9.3,-42.78,-10.86,177.16145,0,0,0,0,0,0,0,-65,0,-66,0,17,0,0
24.7890796,120.994172,10.026000022888184,182.92298889160156,0.0,-2.9399998,-44.399998,8.28,-177.70258,0,0,0,0,0,0,0,-65,0,-66,0,17,0,0
24.7890796,120.994172,10.026000022888184,182.92298889160156,0.0,6.06,-42.899998,10.0199995,-164.7233,0,0,0,0,0,0,0,-65,0,-66,0,17,0,0
24.7890702,120.9941724,10.019000053405762,182.68226623535156,0.0,-8.76,-43.2,-4.2,159.61415,0,0,0,0,0,0,0,-65,0,-66,0,17,0,0
24.7890702,120.9941724,10.019000053405762,182.68226623535156,0.0,-11.28,-41.64,-2.34,162.83055,0,0,0,0,0,0,0,-65,0,-66,0,17,0,0
24.7890702,120.9941724,10.019000053405762,182.68226623535156,0.0,6.0,-39.36,20.039999,-154.07797,0,0,0,0,0,0,0,-65,0,-66,0,17,0,0
24.7890702,120.9941724,10.019000053405762,182.68226623535156,0.0,4.68,-41.64,11.46,-163.82143,0,0,0,0,0,0,0,-65,0,-66,0,17,0,0
24.7890591,120.994172,10.006999969482422,182.42132568359375,0.0,-5.8199997,-42.899998,-2.3999999,-156.67683,0,0,0,0,0,0,0,-65,0,-66,0,17,0,0
24.7890591,120.994172,10.006999969482422,182.42132568359375,0.0,-7.98,-42.48,-2.52,169.0388,0,0,0,0,0,0,0,-65,0,-66,0,17,0,0
24.7890591,120.994172,10.006999969482422,182.42132568359375,0.0,4.8599997,-35.46,25.8,-152.60997,0,0,0,0,0,0,0,-65,0,-66,0,17,0,0
24.7890472,120.9941707,10.04800033569336,182.46766662597656,0.0,-5.4,-41.76,6.72,175.5006,0,0,0,0,0,0,0,-65,0,-66,0,17,0,0
24.7890472,120.9941707,10.04800033569336,182.46766662597656,0.0,-12.12,-40.14,-6.96,-176.77112,0,0,0,0,0,0,0,-65,0,-66,0,17,0,0
24.7890359,120.9941696,10.045999526977539,182.51025390625,0.0,-7.7999997,-42.12,7.74,176.50577,0,0,0,0,0,0,0,-65,0,-66,0,17,0,0
24.7890359,120.9941696,10.045999526977539,182.51025390625,0.0,2.04,-41.04,7.02,-169.81287,0,0,0,0,0,0,0,-65,0,-66,0,17,0,0
24.7890359,120.9941696,10.045999526977539,182.51025390625,0.0,-4.56,-42.36,-8.4,171.83076,0,0,0,0,0,0,0,-65,0,-66,0,17,0,0
24.7890247,120.9941689,9.982000350952148,182.29193115234375,0.0,-9.84,-38.82,-14.28,176.42767,0,0,0,0,0,0,0,-65,0,-66,0,17,0,0
24.7890247,120.9941689,9.982000350952148,182.29193115234375,0.0,0.12,-41.879997,9.9,-167.22226,0,0,0,0,0,0,0,-65,0,-66,0,17,0,0
24.7890247,120.9941689,9.982000350952148,182.29193115234375,0.0,8.22,-43.44,4.08,-169.8346,0,0,0,0,0,0,0,-65,0,-66,0,17,0,0
24.7890144,120.994168,9.961000442504883,182.23788452148438,0.0,-3.84,-41.76,-12.84,-172.00246,0,0,0,0,0,0,0,-65,0,-66,0,17,0,0
24.7890144,120.994168,9.961000442504883,182.23788452148438,0.0,-10.44,-40.14,-13.44,171.84525,0,0,0,0,0,0,0,-65,0,-66,0,17,0,0
24.7890023,120.9941666,9.942999839782715,182.4289093017578,0.0,8.22,-42.36,9.719999,-164.12077,0,0,0,0,0,0,0,-65,0,-66,0,17,0,0
24.7890023,120.9941666,9.942999839782715,182.4289093017578,0.0,14.58,-40.92,3.84,-155.12958,0,0,0,0,0,0,0,-65,0,-66,0,17,0,0
24.7890023,120.9941666,9.942999839782715,182.4289093017578,0.0,-7.7999997,-42.36,-6.0,-175.73726,0,0,0,0,0,0,0,-65,0,-66,0,17,0,0
24.788992,120.9941653,9.949999809265137,182.68414306640625,0.0,-10.74,-41.579998,-3.78,163.5134,0,0,0,0,0,0,0,-65,0,-66,0,17,0,0
24.788992,120.9941653,9.949999809265137,182.68414306640625,0.0,3.0,-41.76,10.62,-164.9653,0,0,0,0,0,0,0,-65,0,-66,0,17,0,0
24.788992,120.9941653,9.949999809265137,182.68414306640625,0.0,-4.62,-42.42,-0.71999997,172.04095,0,0,0,0,0,0,0,-65,0,-66,0,17,0,0
24.7889814,120.9941641,9.972999572753906,183.03794860839844,0.0,-14.16,-39.0,-12.12,-171.838,0,0,0,0,0,0,0,-65,0,-66,0,17,0,0
24.7889814,120.9941641,9.972999572753906,183.03794860839844,0.0,-5.4,-40.8,10.62,-168.422,0,0,0,0,0,0,0,-65,0,-66,0,17,0,0
24.7889814,120.9941641,9.972999572753906,183.03794860839844,0.0,6.18,-42.12,10.62,-163.96695,0,0,0,0,0,0,0,-65,0,-66,0,17,0,0
24.7889691,120.9941629,10.010000228881836,183.2433624267578,0.0,-3.54,-42.66,-3.48,174.15012,0,0,0,0,0,0,0,-65,0,-66,0,17,0,0
24.7889691,120.9941629,10.010000228881836,183.2433624267578,0.0,-9.9,-42.3,-6.12,166.061,0,0,0,0,0,0,0,-65,0,-66,0,17,0,0
24.7889691,120.9941629,10.010000228881836,183.2433624267578,0.0,3.06,-40.86,14.4,-160.9293,0,0,0,0,0,0,0,-65,0,-66,0,17,0,0
24.7889691,120.9941629,10.010000228881836,183.2433624267578,0.0,6.12,-41.579998,6.72,-165.21716,0,0,0,0,0,0,0,-65,0,-66,0,17,0,0
24.7889556,120.9941636,9.961999893188477,182.2399139404297,0.0,-7.14,-41.34,-9.0,-132.73628,0,0,0,0,0,0,0,-65,0,-66,0,17,0,0
24.7889437,120.9941635,9.918000221252441,182.2088165283203,0.0,-11.88,-40.2,-8.28,161.88503,0,0,0,0,0,0,0,-65,0,-66,0,17,0,0
24.7889437,120.9941635,9.918000221252441,182.2088165283203,0.0,4.56,-41.219997,10.26,-160.22762,0,0,0,0,0,0,0,-65,0,-66,0,17,0,0
24.7889437,120.9941635,9.918000221252441,182.2088165283203,0.0,1.74,-42.899998,2.34,-176.1061,0,0,0,0,0,0,0,-65,0,-66,0,17,0,0
24.7889437,120.9941635,9.918000221252441,182.2088165283203,0.0,-7.44,-41.579998,-11.4,-148.14438,0,0,0,0,0,0,0,-65,0,-66,0,17,0,0
24.788932,120.9941643,10.017999649047852,182.2628936767578,0.0,-9.599999,-41.94,-0.9,167.07211,0,0,0,0,0,0,0,-65,0,-66,0,17,0,0
24.788932,120.9941643,10.017999649047852,182.2628936767578,0.0,5.52,-42.719997,6.96,-165.72018,0,0,0,0,0,0,0,-65,0,-66,0,17,0,0
24.7889212,120.9941645,10.086000442504883,182.31105041503906,0.0,-2.22,-42.3,0.12,175.95157,0,0,0,0,0,0,0,-65,0,-66,0,17,0,0
24.7889212,120.9941645,10.086000442504883,182.31105041503906,0.0,-12.84,-39.96,-10.139999,-166.34984,0,0,0,0,0,0,0,-65,0,-66,0,17,0,0
24.7889212,120.9941645,10.086000442504883,182.31105041503906,0.0,-6.42,-41.7,8.639999,-178.52301,0,0,0,0,0,0,0,-65,0,-66,0,17,0,0
24.7889212,120.9941645,10.086000442504883,182.31105041503906,0.0,2.28,-42.78,6.66,-171.51102,0,0,0,0,0,0,0,-65,0,-66,0,17,0,0
24.7889107,120.9941651,10.10099983215332,182.64112854003906,0.0,-7.08,-41.82,-5.46,-178.29536,0,0,0,0,0,0,0,-65,0,-66,0,17,0,0
24.7889107,120.9941651,10.10099983215332,182.64112854003906,0.0,-10.2,-41.879997,-6.6,164.37025,0,0,0,0,0,0,0,-65,0,-66,0,17,0,0
24.7888995,120.9941648,10.119000434875488,182.72679138183594,0.0,7.3799996,-42.18,10.98,-167.08818,0,0,-69,0,0,0,0,0,0,-62,0,17,0,0
24.7888995,120.9941648,10.119000434875488,182.72679138183594,0.0,8.22,-42.66,1.1999999,-168.0455,0,0,-69,0,0,0,0,0,0,-62,0,17,0,0
24.7888995,120.9941648,10.119000434875488,182.72679138183594,0.0,-3.48,-41.82,-13.08,-160.71786,0,0,-69,0,0,0,0,0,0,-62,0,17,0,0
24.7888884,120.9941645,10.119999885559082,182.5252685546875,0.0,-1.8,-43.68,-0.12,177.88087,0,0,-69,0,0,0,0,0,0,-62,0,17,0,0
24.7888884,120.9941645,10.119999885559082,182.5252685546875,0.0,10.8,-42.54,5.64,-174.10345,0,0,-69,0,0,0,0,0,0,-62,0,17,0,0
24.7888884,120.9941645,10.119999885559082,182.5252685546875,0.0,1.4399999,-43.14,-3.6,-177.78583,0,0,-69,0,0,0,0,0,0,-62,0,17,0,0
24.7888884,120.9941645,10.119999885559082,182.5252685546875,0.0,-5.8199997,-41.34,-12.36,-173.03346,0,0,-69,0,0,0,0,0,0,-62,0,17,0,0
24.7888761,120.9941642,10.052000045776367,182.41624450683594,0.0,4.92,-42.899998,7.3199997,-168.49081,0,0,-69,0,0,0,0,0,0,-62,0,17,0,0
24.7888761,120.9941642,10.052000045776367,182.41624450683594,0.0,10.559999,-41.399998,4.14,-164.8216,0,0,-69,0,0,0,0,0,0,-62,0,17,0,0
24.7888644,120.9941636,10.060999870300293,182.50389099121094,0.0,-2.6399999,-41.28,-9.78,-163.14317,0,0,-69,0,0,0,0,0,0,-62,0,17,0,0
24.7888644,120.9941636,10.060999870300293,182.50389099121094,0.0,-8.639999,-39.84,-15.54,172.4666,0,0,-69,0,0,0,0,0,0,-62,0,17,0,0
24.7888644,120.9941636,10.060999870300293,182.50389099121094,0.0,2.7,-42.899998,3.54,-174.19034,0,0,-69,0,0,0,0,0,0,-62,0,17,0,0
24.7887033,120.9941665,9.829999923706055,179.3907470703125,0.0,9.599999,-42.059998,12.059999,-157.58748,0,0,-66,0,-75,0,0,0,0,0,0,17,0,0
24.7887033,120.9941665,9.829999923706055,179.3907470703125,0.0,1.14,-44.219997,2.1,-177.7916,0,0,-66,0,-75,0,0,0,0,0,0,17,0,0
24.7886908,120.9941654,9.8149995803833,179.31948852539062,0.0,-12.179999,-42.84,-9.3,-166.71606,0,0,-66,0,-75,0,0,0,0,0,0,17,0,0
24.7886908,120.9941654,9.8149995803833,179.31948852539062,0.0,5.1,-40.62,17.1,-150.66489,0,0,-66,0,-75,0,0,0,0,0,0,17,0,0
24.7886908,120.9941654,9.8149995803833,179.31948852539062,0.0,12.66,-40.2,13.0199995,-155.89221,0,0,-66,0,-75,0,0,0,0,0,0,17,0,0
24.7886779,120.9941654,9.840999603271484,178.9915313720703,0.0,-4.3199997,-43.68,-0.9,176.59573,0,0,-66,0,-75,0,0,0,0,0,0,17,0,0
24.7886779,120.9941654,9.840999603271484,178.9915313720703,0.0,-13.92,-40.68,-3.1799998,158.12534,0,0,-66,0,-75,0,0,0,0,0,0,17,0,0
24.7886652,120.9941671,9.788000106811523,178.6397247314453,0.0,5.46,-40.739998,11.88,-162.04227,0,0,-66,0,-75,0,0,0,0,0,0,17,0,0
24.7886652,120.9941671,9.788000106811523,178.6397247314453,0.0,0.59999996,-43.739998,4.14,-179.29424,0,0,-66,0,-75,0,0,0,0,0,0,17,0,0
24.7886652,120.9941671,9.788000106811523,178.6397247314453,0.0,-11.46,-42.18,-5.04,-173.78526,0,0,-66,0,-75,0,0,0,0,0,0,17,0,0
24.7886535,120.9941689,9.770000457763672,178.34686279296875,0.0,-1.62,-41.1,14.4,-167.49808,0,0,-66,0,-75,0,0,0,0,0,0,17,0,0
24.7886535,120.9941689,9.770000457763672,178.34686279296875,0.0,7.8599997,-41.64,13.679999,-158.62645,0,0,-66,0,-75,0,0,0,0,0,0,17,0,0
24.7886411,120.9941702,9.767000198364258,178.41607666015625,0.0,-4.92,-43.559998,0.9,170.44455,0,0,-66,0,-75,0,0,0,0,0,0,17,0,0
24.7886411,120.9941702,9.767000198364258,178.41607666015625,0.0,-13.74,-41.04,-7.3799996,164.0947,0,0,-71,0,-74,0,0,0,0,0,0,17,0,0
24.7886411,120.9941702,9.767000198364258,178.41607666015625,0.0,0.06,-44.34,-0.78,179.72023,0,0,-71,0,-74,0,0,0,0,0,0,17,0,0
24.7886411,120.9941702,9.767000198364258,178.41607666015625,0.0,-1.26,-38.879997,-19.26,175.67822,0,0,-71,0,-74,0,0,0,0,0,0,17,0,0
24.7886289,120.9941713,9.854999542236328,178.55853271484375,0.0,-7.14,-32.64,-27.779999,-141.98221,0,0,-71,0,-74,0,0,0,0,0,0,17,0,0
24.7886289,120.9941713,9.854999542236328,178.55853271484375,0.0,-5.46,-42.36,-11.58,168.54547,0,0,-71,0,-74,0,0,0,0,0,0,17,0,0
24.7886289,120.9941713,9.854999542236328,178.55853271484375,0.0,6.72,-43.559998,0.78,-179.78433,0,0,-71,0,-74,0,0,0,0,0,0,17,0,0
24.7886162,120.9941715,9.994000434875488,178.95587158203125,0.0,1.8,-44.1,-5.16,-179.72118,0,0,-71,0,-74,0,0,0,0,0,0,17,0,0
24.7886162,120.9941715,9.994000434875488,178.95587158203125,0.0,-7.68,-39.96,-18.119999,-176.24007,0,0,-71,0,-74,0,0,0,0,0,0,17,0,0
24.788604,120.9941711,10.050000190734863,179.19879150390625,0.0,4.74,-42.239998,13.62,-159.6944,0,0,-71,0,-74,0,0,0,0,0,0,17,0,0
24.788604,120.9941711,10.050000190734863,179.19879150390625,0.0,12.719999,-40.98,12.12,-161.30244,0,0,-71,0,-74,0,0,0,0,0,0,17,0,0
24.788604,120.9941711,10.050000190734863,179.19879150390625,0.0,1.86,-43.44,-3.4199998,-176.64095,0,0,-71,0,-74,0,0,0,0,0,0,17,0,0
24.788604,120.9941711,10.050000190734863,179.19879150390625,0.0,-9.9,-40.44,-11.219999,168.01953,0,0,-71,0,-74,0,0,0,0,0,0,17,0,0
24.7885914,120.9941699,10.050000190734863,179.8437042236328,0.0,8.28,-40.92,16.8,-164.90837,0,0,-71,0,-74,0,0,0,0,0,0,17,0,0
24.788056,120.9945692,10.279000282287598,108.97283935546875,0.0,-29.88,-12.179999,-31.619999,99.33273,-91,0,-87,0,0,0,0,0,0,0,0,17,0,0
24.788056,120.9945692,10.279000282287598,108.97283935546875,0.0,-32.76,-24.48,-21.66,112.39461,-91,0,-87,0,0,0,0,0,0,0,0,17,0,0
24.7880539,120.9945834,10.293999671936035,107.5858154296875,0.0,-27.66,-11.7,-34.86,84.670944,-91,0,-87,0,0,0,0,0,0,0,0,17,0,0
24.7880539,120.9945834,10.293999671936035,107.5858154296875,0.0,-20.34,-0.48,-40.68,-30.786224,-91,0,-87,0,0,0,0,0,0,0,0,17,0,0
24.7880532,120.9945971,10.32699966430664,105.9666748046875,0.0,-34.32,-23.1,-19.619999,138.41785,-91,0,-87,0,0,0,0,0,0,0,0,17,0,0
24.7880532,120.9945971,10.32699966430664,105.9666748046875,0.0,-31.92,-25.56,-21.6,123.013115,-91,0,-87,0,0,0,0,0,0,0,0,17,0,0
24.7880532,120.9945971,10.32699966430664,105.9666748046875,0.0,-25.38,-6.72,-37.079998,-5.947198,-91,0,-87,0,0,0,0,0,0,0,0,17,0,0
24.7880532,120.9945971,10.32699966430664,105.9666748046875,0.0,-25.199999,-2.22,-38.16,32.554,-91,0,-87,0,0,0,0,0,0,0,0,17,0,0
24.7880548,120.9946116,10.291999816894531,103.43988800048828,0.0,-34.8,-28.019999,-12.179999,141.2792,-91,0,-87,0,0,0,0,0,0,0,0,17,0,0
24.7880548,120.9946116,10.291999816894531,103.43988800048828,0.0,-30.72,-25.26,-22.619999,121.17143,-91,0,-87,0,0,0,0,0,0,0,0,17,0,0
24.7880539,120.9946246,10.309000015258789,102.62747955322266,0.0,-20.34,0.9,-41.399998,-47.7772,-91,0,-87,0,0,0,0,0,0,0,0,17,0,0
24.7880539,120.9946246,10.309000015258789,102.62747955322266,0.0,-27.96,-3.4199998,-36.36,79.23986,-91,0,-87,0,0,0,0,0,0,0,0,17,0,0
24.7880539,120.9946246,10.309000015258789,102.62747955322266,0.0,-30.599998,-24.0,-23.4,104.69702,-91,0,-87,0,0,0,0,0,0,0,0,17,0,0
24.7880555,120.9946386,10.26200008392334,100.30054473876953,0.0,-22.38,-11.759999,-38.7,89.34428,-91,0,-87,0,0,0,0,0,0,0,0,17,0,0
24.7880555,120.9946386,10.26200008392334,100.30054473876953,0.0,-16.68,6.8999996,-41.64,-6.6089973,-91,0,-87,0,0,0,0,0,0,0,0,17,0,0
24.7880552,120.9946508,10.25100040435791,99.42826080322266,0.0,-35.7,-18.0,-24.06,124.6437,-91,0,-87,0,0,0,0,0,0,0,0,17,0,0
24.7880552,120.9946508,10.25100040435791,99.42826080322266,0.0,-33.78,-16.68,-28.199999,111.59547,-91,0,-87,0,0,0,0,0,0,0,0,17,0,0
24.7880552,120.9946508,10.25100040435791,99.42826080322266,0.0,-32.94,-1.86,-33.059998,-30.072186,-91,0,-87,0,0,0,0,0,0,0,0,17,0,0
24.7880552,120.9946508,10.25100040435791,99.42826080322266,0.0,-40.2,-12.48,-18.3,103.50434,-91,0,-87,0,0,0,0,0,0,0,0,17,0,0
24.7880578,120.9946648,10.230999946594238,96.98735046386719,0.0,-35.219997,-25.92,-10.92,122.13905,-91,0,-87,0,0,0,0,0,0,0,0,17,0,0
24.7880585,120.9946784,10.156999588012695,96.05906677246094,0.0,-36.48,-13.44,-25.32,101.95851,-91,0,-87,0,0,0,0,0,0,0,0,17,0,0
24.7880585,120.9946784,10.156999588012695,96.05906677246094,0.0,-35.64,-4.08,-29.22,-50.112957,-91,0,-87,0,0,0,0,0,0,0,0,17,0,0
24.7880585,120.9946784,10.156999588012695,96.05906677246094,0.0,-30.539999,-27.72,-18.18,131.70721,-91,0,-87,0,0,0,0,0,0,0,0,17,0,0
24.7880585,120.9946784,10.156999588012695,96.05906677246094,0.0,-27.779999,-28.98,-17.46,130.7598,-91,0,-87,0,0,0,0,0,0,0,0,17,0,0
24.7880618,120.9946919,10.112000465393066,93.97594451904297,0.0,-33.18,-11.099999,-28.8,61.32471,-91,0,-87,0,0,0,0,0,0,0,0,17,0,0
24.7880618,120.9946919,10.112000465393066,93.97594451904297,0.0,-35.52,-8.04,-28.38,88.14304,-83,0,0,0,0,0,0,0,0,-69,0,17,0,0
24.7880619,120.9947048,10.085000038146973,93.91527557373047,0.0,-26.34,-29.939999,-20.279999,135.6395,-83,0,0,0,0,0,0,0,0,-69,0,17,0,0
24.7880619,120.9947048,10.085000038146973,93.91527557373047,0.0,-27.42,-25.32,-24.779999,127.02747,-83,0,0,0,0,0,0,0,0,-69,0,17,0,0
24.7880619,120.9947048,10.085000038146973,93.91527557373047,0.0,-31.14,-7.74,-29.58,-100.06549,-83,0,0,0,0,0,0,0,0,-69,0,17,0,0
24.7880631,120.9947169,10.060999870300293,93.25359344482422,0.0,-38.879997,-16.08,-18.06,94.05942,-83,0,0,0,0,0,0,0,0,-69,0,17,0,0
24.7880631,120.9947169,10.060999870300293,93.25359344482422,0.0,-34.02,-17.82,-24.3,95.62591,-83,0,0,0,0,0,0,0,0,-69,0,17,0,0
24.7880639,120.9947296,10.076000213623047,92.59589385986328,0.0,-20.699999,12.66,-35.64,42.793335,-83,0,0,0,0,0,0,0,0,-69,0,17,0,0
24.7880639,120.9947296,10.076000213623047,92.59589385986328,0.0,2.1,27.42,-31.8,-13.096977,-83,0,0,0,0,0,0,0,0,-69,0,17,0,0
24.7880639,120.9947296,10.076000213623047,92.59589385986328,0.0,-24.0,14.759999,-33.6,70.38541,-83,0,0,0,0,0,0,0,0,-69,0,17,0,0
24.7880639,120.9947296,10.076000213623047,92.59589385986328,0.0,-28.38,13.08,-34.62,75.481606,-83,0,0,0,0,0,0,0,0,-69,0,17,0,0
24.7880672,120.9947412,10.100000381469727,90.56209564208984,0.0,-20.1,27.48,-28.619999,-19.422297,-83,0,0,0,0,0,0,0,0,-69,0,17,0,0
24.7880672,120.9947412,10.100000381469727,90.56209564208984,0.0,-19.5,21.84,-33.66,53.171097,-83,0,0,0,0,0,0,0,0,-69,0,17,0,0
24.7880708,120.9947545,10.100000381469727,89.36451721191406,0.0,-35.399998,6.2999997,-28.68,85.82898,-83,0,0,0,0,0,0,0,0,-69,0,17,0,0
24.7880708,120.9947545,10.100000381469727,89.36451721191406,0.0,-25.38,20.939999,-29.88,65.97422,-83,0,0,0,0,0,0,0,0,-69,0,17,0,0
24.7880708,120.9947545,10.100000381469727,89.36451721191406,0.0,-11.219999,36.059998,-22.8,4.8182487,-83,0,0,0,0,0,0,0,0,-69,0,17,0,0
24.7880708,120.9947545,10.100000381469727,89.36451721191406,0.0,-13.92,15.54,-39.48,71.11685,-83,0,0,0,0,0,0,0,0,-69,0,17,0,0
24.7880708,120.9947545,10.100000381469727,89.36451721191406,0.0,-23.34,12.48,-37.44,72.75121,-83,0,0,0,0,0,0,0,0,-69,0,17,0,0
24.7880806,120.9947796,9.965999603271484,85.22138214111328,0.0,-12.0,28.14,-31.5,8.525221,-83,0,0,0,0,0,0,0,0,-69,0,17,0,0
24.788654,120.9950637,10.031999588012695,353.8667297363281,0.0,-6.06,0.17999999,-41.94,107.3435,-87,-93,0,0,0,0,0,0,0,0,0,17,0,0
24.788654,120.9950637,10.031999588012695,353.8667297363281,0.0,11.88,12.36,-38.579998,-15.293028,-87,-93,0,0,0,0,0,0,0,0,0,17,0,0
24.7886675,120.9950621,10.043999671936035,354.7065124511719,0.0,22.26,15.42,-31.92,-85.61241,-87,-93,0,0,0,0,0,0,0,0,0,17,0,0
24.7886675,120.9950621,10.043999671936035,354.7065124511719,0.0,-4.56,-0.06,-42.18,84.9303,-87,-93,0,0,0,0,0,0,0,0,0,17,0,0
24.7886675,120.9950621,10.043999671936035,354.7065124511719,0.0,-5.22,4.98,-41.34,63.455963,-87,-93,0,0,0,0,0,0,0,0,0,17,0,0
24.7886807,120.9950593,10.03600025177002,352.556640625,0.0,17.4,15.299999,-33.54,-72.54412,-87,-93,0,0,0,0,0,0,0,0,0,17,0,0
24.7886807,120.9950593,10.03600025177002,352.556640625,0.0,6.72,11.16,-40.62,-18.402884,-87,-93,0,0,0,0,0,0,0,0,0,17,0,0
24.7886807,120.9950593,10.03600025177002,352.556640625,0.0,-10.26,3.6,-41.399998,91.769585,-87,-93,0,0,0,0,0,0,0,0,0,17,0,0
24.7886807,120.9950593,10.03600025177002,352.556640625,0.0,4.92,13.139999,-39.66,19.127813,-87,-93,0,0,0,0,0,0,0,0,0,17,0,0
24.7886929,120.9950557,10.064000129699707,352.95404052734375,0.0,22.98,19.619999,-27.599998,-72.30083,-87,-93,0,0,0,0,0,0,0,0,0,17,0,0
24.7887083,120.9950539,10.079000473022461,357.61737060546875,0.0,-2.46,9.12,-42.48,58.811104,-87,-93,0,0,0,0,0,0,0,0,0,17,0,0
24.7887083,120.9950539,10.079000473022461,357.61737060546875,0.0,-9.54,6.54,-43.68,83.856926,-87,-93,0,0,0,0,0,0,0,0,0,17,0,0
24.7887083,120.9950539,10.079000473022461,357.61737060546875,0.0,16.199999,17.22,-34.079998,-43.403355,-87,-93,0,0,0,0,0,0,0,0,0,17,0,0
24.7887083,120.9950539,10.079000473022461,357.61737060546875,0.0,20.039999,16.44,-32.52,-52.379707,-87,-93,0,0,0,0,0,0,0,0,0,17,0,0
24.7887237,120.9950541,10.020999908447266,359.1164855957031,0.0,-8.58,0.9,-44.04,90.26825,-87,-93,0,0,0,0,0,0,0,0,0,17,0,0
24.7887237,120.9950541,10.020999908447266,359.1164855957031,0.0,-1.92,6.54,-41.579998,50.297386,-87,-93,0,0,0,0,0,0,0,0,0,17,0,0
24.7887369,120.9950549,10.022000312805176,356.5655212402344,0.0,24.359999,14.82,-30.9,-81.925,-87,-93,0,0,0,0,0,0,0,0,0,17,0,0
24.7887369,120.9950549,10.022000312805176,356.5655212402344,0.0,16.859999,8.82,-37.739998,-42.99557,-87,-93,0,0,0,0,0,0,0,0,0,17,0,0
24.7887489,120.9950558,9.984000205993652,355.5894470214844,0.0,-4.7999997,1.8,-41.1,94.29213,-87,-93,0,0,0,0,0,0,0,0,0,17,0,0
24.7887489,120.9950558,9.984000205993652,355.5894470214844,0.0,14.639999,12.599999,-36.6,-10.841686,-87,-93,0,0,0,0,0,0,0,0,0,17,0,0
24.7887489,120.9950558,9.984000205993652,355.5894470214844,0.0,26.88,17.22,-26.519999,-98.524315,-87,-93,0,0,0,0,0,0,0,0,0,17,0,0
24.7887592,120.9950564,9.937000274658203,354.509765625,0.0,2.76,4.38,-40.32,57.26723,-87,-93,0,0,0,0,0,0,0,0,0,17,0,0
24.7887592,120.9950564,9.937000274658203,354.509765625,0.0,-0.65999997,7.56,-40.32,80.08852,-87,-93,0,0,0,0,0,0,0,0,0,17,0,0
24.7887592,120.9950564,9.937000274658203,354.509765625,0.0,21.66,16.14,-29.58,-72.12911,-87,-93,0,0,0,0,0,0,0,0,0,17,0,0
24.7887592,120.9950564,9.937000274658203,354.509765625,0.0,20.22,17.4,-30.96,-45.967796,-87,-93,0,0,0,0,0,0,0,0,0,17,0,0
24.7887714,120.9950571,9.9350004196167,355.07086181640625,0.0,-5.16,5.8199997,-41.219997,94.53834,-87,-93,0,0,0,0,0,0,0,0,0,17,0,0
24.7887714,120.9950571,9.9350004196167,355.07086181640625,0.0,8.58,12.719999,-38.399998,11.849081,-87,-93,0,0,0,0,0,0,0,0,0,17,0,0
24.7887838,120.9950569,9.95199966430664,354.3944396972656,0.0,28.14,18.0,-23.88,-82.981514,-87,-93,0,0,0,0,0,0,0,0,0,17,0,0
24.7887838,120.9950569,9.95199966430664,354.3944396972656,0.0,6.06,9.66,-40.26,34.33739,-87,-93,0,0,0,0,0,0,0,0,0,17,0,0
24.7887838,120.9950569,9.95199966430664,354.3944396972656,0.0,-1.62,8.82,-42.719997,74.77194,-87,-93,0,0,0,0,0,0,0,0,0,17,0,0
24.7887971,120.9950564,9.970999717712402,353.1150817871094,0.0,16.859999,14.219999,-34.92,-45.01907,-87,-93,0,0,0,0,0,0,0,0,0,17,0,0
24.7887971,120.9950564,9.970999717712402,353.1150817871094,0.0,19.56,14.46,-34.079998,-55.331436,-87,-93,0,0,0,0,0,0,0,0,0,17,0,0
24.7888098,120.9950543,9.958999633789062,351.3520202636719,0.0,-8.76,-1.4399999,-42.719997,92.94695,-87,-93,0,0,0,0,0,0,0,0,0,17,0,0
24.7888098,120.9950543,9.958999633789062,351.3520202636719,0.0,-5.8799996,7.14,-42.3,47.366543,-87,-93,0,0,0,0,0,0,0,0,0,17,0,0
24.7888098,120.9950543,9.958999633789062,351.3520202636719,0.0,22.98,14.099999,-30.779999,-89.44163,-87,-93,0,0,0,0,0,0,0,0,0,17,0,0
24.7888224,120.9950521,9.88700008392334,354.8407287597656,0.0,8.22,9.179999,-40.14,-15.059799,-87,-93,0,0,0,0,0,0,0,0,0,17,0,0
24.7888224,120.9950521,9.88700008392334,354.8407287597656,0.0,-13.86,4.44,-40.62,91.84007,-87,-93,0,0,0,0,0,0,0,0,0,17,0,0
24.788834,120.9950514,9.878999710083008,359.24603271484375,0.0,8.58,15.179999,-36.78,-30.701199,-87,-93,0,0,0,0,0,0,0,0,0,17,0,0
24.788834,120.9950514,9.878999710083008,359.24603271484375,0.0,20.82,18.66,-30.599998,-64.73176,-89,-88,0,0,0,0,0,0,0,0,0,17,0,0
24.788834,120.9950514,9.878999710083008,359.24603271484375,0.0,-6.06,0.06,-42.6,86.79494,-89,-88,0,0,0,0,0,0,0,0,0,17,0,0
24.788834,120.9950514,9.878999710083008,359.24603271484375,0.0,-0.53999996,7.02,-41.16,70.383606,-89,-88,0,0,0,0,0,0,0,0,0,17,0,0
24.788834,120.9950514,9.878999710083008,359.24603271484375,0.0,23.4,19.439999,-27.0,-98.254196,-89,-88,0,0,0,0,0,0,0,0,0,17,0,0
24.7888473,120.995052,9.848999977111816,1.1320843696594238,0.0,11.46,11.82,-38.16,-36.024063,-89,-88,0,0,0,0,0,0,0,0,0,17,0,0
24.7888473,120.995052,9.848999977111816,1.1320843696594238,0.0,-7.9199996,1.86,-42.48,95.35757,-89,-88,0,0,0,0,0,0,0,0,0,17,0,0
24.7888609,120.9950526,9.862000465393066,1.1922763586044312,0.0,8.88,16.38,-37.44,6.3251157,-89,-88,0,0,0,0,0,0,0,0,0,17,0,0
24.7888609,120.9950526,9.862000465393066,1.1922763586044312,0.0,20.52,18.72,-30.96,-81.44699,-89,-88,0,0,0,0,0,0,0,0,0,17,0,0
24.7888746,120.9950529,9.90999984741211,359.34429931640625,0.0,-5.58,3.4199998,-43.44,79.25839,-89,-88,0,0,0,0,0,0,0,0,0,17,0,0
24.7888746,120.9950529,9.90999984741211,359.34429931640625,0.0,-6.0,3.8999999,-43.559998,91.49888,-89,-88,0,0,0,0,0,0,0,0,0,17,0,0
24.7888746,120.9950529,9.90999984741211,359.34429931640625,0.0,14.7,17.82,-35.04,-61.525887,-89,-88,0,0,0,0,0,0,0,0,0,17,0,0
24.7888868,120.9950534,9.913000106811523,1.1430844068527222,0.0,15.059999,14.5199995,-36.059998,-48.017242,-89,-88,0,0,0,0,0,0,0,0,0,17,0,0
24.7888868,120.9950534,9.913000106811523,1.1430844068527222,0.0,-12.54,-4.56,-42.66,84.69367,-89,-88,0,0,0,0,0,0,0,0,0,17,0,0
24.7888868,120.9950534,9.913000106811523,1.1430844068527222,0.0,-4.56,6.8999996,-42.239998,50.35966,-89,-88,0,0,0,0,0,0,0,0,0,17,0,0
24.7888991,120.9950548,9.85200023651123,3.844045639038086,0.0,19.02,16.08,-34.5,-73.03099,-89,-88,0,0,0,0,0,0,0,0,0,17,0,0
24.7888991,120.9950548,9.85200023651123,3.844045639038086,0.0,7.08,5.8199997,-42.0,18.717411,-89,-88,0,0,0,0,0,0,0,0,0,17,0,0
24.7888991,120.9950548,9.85200023651123,3.844045639038086,0.0,-9.42,-3.84,-42.36,80.35627,-89,-88,0,0,0,0,0,0,0,0,0,17,0,0
24.788912,120.9950566,9.739999771118164,2.063715696334839,0.0,3.6599998,16.32,-40.86,0.12534386,-89,-88,0,0,0,0,0,0,0,0,0,17,0,0
24.788912,120.9950566,9.739999771118164,2.063715696334839,0.0,19.02,12.84,-36.36,-72.92292,-89,-88,0,0,0,0,0,0,0,0,0,17,0,0
24.7889247,120.9950574,9.779000282287598,1.3932856321334839,0.0,-10.86,-2.58,-43.739998,94.84663,-89,-88,0,0,0,0,0,0,0,0,0,17,0,0
24.7889247,120.9950574,9.779000282287598,1.3932856321334839,0.0,-6.54,2.6399999,-43.32,55.83225,-89,-88,0,0,0,0,0,0,0,0,0,17,0,0
24.7889247,120.9950574,9.779000282287598,1.3932856321334839,0.0,17.039999,17.52,-34.32,-75.03393,-89,-88,0,0,0,0,0,0,0,0,0,17,0,0
24.7889247,120.9950574,9.779000282287598,1.3932856321334839,0.0,11.82,13.0199995,-38.28,-33.11013,-89,-88,0,0,0,0,0,0,0,0,0,17,0,0
24.7889377,120.9950586,9.845000267028809,0.49271726608276367,0.0,-9.24,-3.54,-42.78,104.85348,-89,-88,0,0,0,0,0,0,0,0,0,17,0,0
24.7889516,120.9950589,9.890999794006348,0.3161012828350067,0.0,6.6,11.58,-39.719997,17.50048,-89,-88,0,0,0,0,0,0,0,0,0,17,0,0
24.7889516,120.9950589,9.890999794006348,0.3161012828350067,0.0,25.14,16.68,-29.519999,-75.343216,-89,-88,0,0,0,0,0,0,0,0,0,17,0,0
24.7889516,120.9950589,9.890999794006348,0.3161012828350067,0.0,1.62,5.4,-42.12,53.80852,0,-76,0,0,0,0,0,0,-58,0,0,17,0,0
24.7889516,120.9950589,9.890999794006348,0.3161012828350067,0.0,-10.74,3.9599998,-42.0,78.5044,0,-76,0,0,0,0,0,0,-58,0,0,17,0,0
24.7889666,120.9950592,9.968999862670898,356.6939697265625,0.0,10.92,16.56,-36.42,-33.642044,0,-76,0,0,0,0,0,0,-58,0,0,17,0,0
24.7889666,120.9950592,9.968999862670898,356.6939697265625,0.0,15.96,15.0,-34.559998,-51.11358,0,-76,0,0,0,0,0,0,-58,0,0,17,0,0
24.7889814,120.9950581,9.963000297546387,356.1788330078125,0.0,-10.26,-6.06,-42.239998,102.94083,0,-76,0,0,0,0,0,0,-58,0,0,17,0,0
24.7889814,120.9950581,9.963000297546387,356.1788330078125,0.0,-0.29999998,3.54,-41.7,57.12822,0,-76,0,0,0,0,0,0,-58,0,0,17,0,0
24.7889814,120.9950581,9.963000297546387,356.1788330078125,0.0,19.439999,18.6,-31.8,-77.10879,0,-76,0,0,0,0,0,0,-58,0,0,17,0,0
24.788994,120.9950571,9.934000015258789,356.9842224121094,0.0,1.68,10.86,-42.3,-13.789227,0,-76,0,0,0,0,0,0,-58,0,0,17,0,0
24.788994,120.9950571,9.934000015258789,356.9842224121094,0.0,-13.2,-0.06,-43.32,87.85341,0,-76,0,0,0,0,0,0,-58,0,0,17,0,0
24.7890059,120.9950566,9.918000221252441,358.3907470703125,0.0,7.68,19.199999,-38.46,-8.769251,0,-76,0,0,0,0,0,0,-58,0,0,17,0,0
24.7890059,120.9950566,9.918000221252441,358.3907470703125,0.0,27.779999,19.5,-27.18,-85.33387,0,-76,0,0,0,0,0,0,-58,0,0,17,0,0
24.7890059,120.9950566,9.918000221252441,358.3907470703125,0.0,-1.62,4.92,-44.82,79.58365,0,-76,0,0,0,0,0,0,-58,0,0,17,0,0
24.7890059,120.9950566,9.918000221252441,358.3907470703125,0.0,-9.9,4.14,-44.76,86.95247,0,-76,0,0,0,0,0,0,-58,0,0,17,0,0
24.7890181,120.9950566,10.071000099182129,357.69329833984375,0.0,14.46,18.6,-36.6,-80.42222,0,-76,0,0,0,0,0,0,-58,0,0,17,0,0
24.7890181,120.9950566,10.071000099182129,357.69329833984375,0.0,18.6,14.639999,-36.42,-52.460663,0,-76,0,0,0,0,0,0,-58,0,0,17,0,0
24.7890181,120.9950566,10.071000099182129,357.69329833984375,0.0,-10.38,-5.1,-42.84,97.25657,0,-76,0,0,0,0,0,0,-58,0,0,17,0,0
24.7890181,120.9950566,10.071000099182129,357.69329833984375,0.0,-5.46,8.88,-41.7,41.52822,0,-76,0,0,0,0,0,0,-58,0,0,17,0,0
24.7890301,120.9950572,10.081000328063965,356.9299011230469,0.0,26.279999,17.76,-28.859999,-73.56488,0,-76,0,0,0,0,0,0,-58,0,0,17,0,0
24.7890431,120.9950575,10.067000389099121,356.9072265625,0.0,10.0199995,10.679999,-40.5,-9.885047,0,-76,0,0,0,0,0,0,-58,0,0,17,0,0
24.7890431,120.9950575,10.067000389099121,356.9072265625,0.0,-5.58,1.0799999,-43.5,76.192055,0,-76,0,0,0,0,0,0,-58,0,0,17,0,0
24.7890431,120.9950575,10.067000389099121,356.9072265625,0.0,12.719999,16.199999,-36.96,-19.430716,0,-76,0,0,0,0,0,0,-58,0,0,17,0,0
24.7890431,120.9950575,10.067000389099121,356.9072265625,0.0,27.599998,16.859999,-28.26,-77.833115,0,-76,0,0,0,0,0,0,-58,0,0,17,0,0
24.7890561,120.9950592,10.107999801635742,358.71539306640625,0.0,-3.6599998,-0.59999996,-43.8,82.55473,0,-76,0,0,0,0,0,0,-58,0,0,17,0,0
24.7890561,120.9950592,10.107999801635742,358.71539306640625,0.0,-7.5,2.22,-43.32,86.91985,0,-76,0,0,0,0,0,0,-58,0,0,17,0,0
24.7890673,120.99506,10.076000213623047,358.5182800292969,0.0,16.8,19.68,-34.559998,-109.52248,0,-76,0,0,0,0,0,0,-58,0,0,17,0,0
24.7890673,120.99506,10.076000213623047,358.5182800292969,0.0,17.64,20.279999,-34.26,-48.11172,0,-76,0,0,0,0,0,0,-60,0,0,17,0,0
24.7890673,120.99506,10.076000213623047,358.5182800292969,0.0,-16.44,1.62,-42.66,85.22791,0,-76,0,0,0,0,0,0,-60,0,0,17,0,0
24.7890673,120.99506,10.076000213623047,358.5182800292969,0.0,-8.639999,11.4,-42.3,45.836815,0,-76,0,0,0,0,0,0,-60,0,0,17,0,0
24.7890767,120.9950616,10.119999885559082,0.812535285949707,0.0,23.22,20.1,-30.06,-71.70573,0,-76,0,0,0,0,0,0,-60,0,0,17,0,0
24.7890885,120.995063,10.145000457763672,1.8940542936325073,0.0,9.54,8.5199995,-41.76,33.603577,0,-76,0,0,0,0,0,0,-60,0,0,17,0,0
24.7890885,120.995063,10.145000457763672,1.8940542936325073,0.0,-8.04,-0.35999998,-44.28,68.37848,0,-76,0,0,0,0,0,0,-60,0,0,17,0,0
24.7892874,120.9950704,10.001999855041504,359.5650634765625,0.0,23.939999,22.8,-26.939999,-46.025223,-86,-88,0,0,0,0,0,0,0,0,0,17,0,0
24.789301,120.9950695,9.970000267028809,356.4081115722656,0.0,-1.92,0.17999999,-44.28,95.42608,-86,-88,0,0,0,0,0,0,0,0,0,17,0,0
24.789301,120.9950695,9.970000267028809,356.4081115722656,0.0,6.48,11.4,-40.26,14.805117,-86,-88,0,0,0,0,0,0,0,0,0,17,0,0
24.789301,120.9950695,9.970000267028809,356.4081115722656,0.0,31.439999,19.02,-22.08,95.276344,-86,-88,0,0,0,0,0,0,0,0,0,17,0,0
24.7893134,120.9950664,9.91100025177002,354.4490661621094,0.0,25.32,18.84,-28.619999,-35.290516,-86,-88,0,0,0,0,0,0,0,0,0,17,0,0
24.7893134,120.9950664,9.91100025177002,354.4490661621094,0.0,5.22,12.42,-39.84,90.28336,-86,-88,0,0,0,0,0,0,0,0,0,17,0,0
24.7893242,120.995064,9.894000053405762,349.78271484375,0.0,35.76,22.439999,-10.74,-53.65614,-86,-88,0,0,0,0,0,0,0,0,0,17,0,0
24.7893242,120.995064,9.894000053405762,349.78271484375,0.0,40.98,15.179999,-6.8399997,-72.74728,-86,-88,0,0,0,0,0,0,0,0,0,17,0,0
24.7893242,120.995064,9.894000053405762,349.78271484375,0.0,13.559999,11.88,-38.7,85.81733,-86,-88,0,0,0,0,0,0,0,0,0,17,0,0
24.7893242,120.995064,9.894000053405762,349.78271484375,0.0,1.68,8.639999,-41.46,72.941826,-86,-88,0,0,0,0,0,0,0,0,0,17,0,0
24.7893326,120.9950598,9.862000465393066,345.1799011230469,0.0,27.66,16.859999,-27.48,-124.00794,-86,-88,0,0,0,0,0,0,0,0,0,17,0,0
24.7893326,120.9950598,9.862000465393066,345.1799011230469,0.0,20.88,9.0,-36.18,-49.895412,-86,-88,0,0,0,0,0,0,0,0,0,17,0,0
24.7893326,120.9950598,9.862000465393066,345.1799011230469,0.0,1.62,-6.0,-43.2,85.18787,-86,-88,0,0,0,0,0,0,0,0,0,17,0,0
24.7893417,120.9950547,9.927000045776367,338.2200927734375,0.0,16.5,18.84,-34.98,-16.015184,-86,-88,0,0,0,0,0,0,0,0,0,17,0,0
24.7893417,120.9950547,9.927000045776367,338.2200927734375,0.0,37.8,19.68,-11.7,-77.17596,-86,-88,0,0,0,0,0,0,0,0,0,17,0,0
24.7893546,120.995049,9.949999809265137,346.56341552734375,0.0,12.42,12.12,-40.079998,33.559082,-86,-88,0,0,0,0,0,0,0,0,0,17,0,0
24.7893546,120.995049,9.949999809265137,346.56341552734375,0.0,-0.78,7.02,-42.78,68.67398,-86,-88,0,0,0,0,0,0,0,0,0,17,0,0
24.7893546,120.995049,9.949999809265137,346.56341552734375,0.0,21.3,20.1,-32.7,-51.08331,-86,-88,0,0,0,0,0,0,0,0,0,17,0,0
24.7893688,120.9950455,9.918000221252441,340.5235595703125,0.0,31.199999,11.099999,-27.539999,-86.15072,-86,-88,0,0,0,0,0,0,0,0,0,17,0,0
24.7893688,120.9950455,9.918000221252441,340.5235595703125,0.0,6.7799997,-2.34,-43.2,90.138756,-86,-88,0,0,0,0,0,0,0,0,0,17,0,0
24.7893688,120.9950455,9.918000221252441,340.5235595703125,0.0,11.58,14.7,-38.52,10.946223,-86,-88,0,0,0,0,0,0,0,0,0,17,0,0
24.7893688,120.9950455,9.918000221252441,340.5235595703125,0.0,36.0,18.66,-16.44,-108.6873,-86,-88,0,0,0,0,0,0,0,0,0,17,0,0
24.7893688,120.9950455,9.918000221252441,340.5235595703125,0.0,29.4,15.179999,-28.619999,-54.61053,-86,-88,0,0,0,0,0,0,0,0,0,17,0,0
24.7893805,120.9950405,9.927000045776367,335.1161193847656,0.0,11.7,12.96,-38.7,77.267105,-86,-88,0,0,0,0,0,0,0,0,0,17,0,0
24.78939,120.9950349,9.935999870300293,336.1361389160156,0.0,31.98,21.24,-19.859999,-47.328182,-86,-88,0,0,0,0,0,0,0,0,0,17,0,0
24.78939,120.9950349,9.935999870300293,336.1361389160156,0.0,39.96,14.5199995,-11.34,-74.391464,-86,-88,0,0,0,0,0,0,0,0,0,17,0,0
24.78939,120.9950349,9.935999870300293,336.1361389160156,0.0,16.02,27.18,-30.539999,-42.931786,-86,-88,0,0,0,0,0,0,0,0,0,17,0,0
24.78939,120.9950349,9.935999870300293,336.1361389160156,0.0,11.04,25.619999,-33.6,54.446068,-86,-88,0,0,0,0,0,0,0,0,0,17,0,0
24.789399,120.9950291,9.942000389099121,330.4991760253906,0.0,32.579998,23.039999,-18.72,-57.924114,-86,-88,0,0,0,0,0,0,0,0,0,17,0,0
24.789399,120.9950291,9.942000389099121,330.4991760253906,0.0,33.899998,19.98,-16.32,-58.4576,-86,-88,0,0,0,0,0,0,0,0,0,17,0,0
24.7894081,120.9950232,9.961999893188477,333.0296630859375,0.0,14.099999,14.7,-37.92,80.412834,-86,-88,0,0,0,0,0,0,0,0,0,17,0,0
24.7894081,120.9950232,9.961999893188477,333.0296630859375,0.0,21.3,23.64,-28.92,11.103543,-86,-88,0,0,0,0,0,0,0,0,0,17,0,0
24.7894081,120.9950232,9.961999893188477,333.0296630859375,0.0,38.219997,19.5,-10.62,166.02922,-83,0,0,0,0,0,0,0,-59,0,0,17,0,0
24.7894166,120.9950188,9.972999572753906,334.08203125,0.0,27.779999,12.96,-30.42,-60.868748,-83,0,0,0,0,0,0,0,-59,0,0,17,0,0
24.7894166,120.9950188,9.972999572753906,334.08203125,0.0,9.059999,10.559999,-40.92,110.572655,-83,0,0,0,0,0,0,0,-59,0,0,17,0,0
24.7894166,120.9950188,9.972999572753906,334.08203125,0.0,23.76,19.02,-30.179998,-28.94319,-83,0,0,0,0,0,0,0,-59,0,0,17,0,0
24.7894283,120.9950125,9.97700023651123,334.93450927734375,0.0,34.38,16.859999,-18.539999,-83.94343,-83,0,0,0,0,0,0,0,-59,0,0,17,0,0
24.7894283,120.9950125,9.97700023651123,334.93450927734375,0.0,15.839999,9.0,-39.36,17.827347,-83,0,0,0,0,0,0,0,-59,0,0,17,0,0
24.7894407,120.9950057,9.984000205993652,334.67822265625,0.0,4.74,12.42,-41.7,79.54017,-83,0,0,0,0,0,0,0,-59,0,0,17,0,0
24.7894407,120.9950057,9.984000205993652,334.67822265625,0.0,24.06,17.82,-30.179998,-55.511997,-83,0,0,0,0,0,0,0,-59,0,0,17,0,0
24.7894407,120.9950057,9.984000205993652,334.67822265625,0.0,32.579998,14.28,-24.6,-71.49025,-83,0,0,0,0,0,0,0,-59,0,0,17,0,0
24.7894407,120.9950057,9.984000205993652,334.67822265625,0.0,5.94,4.74,-43.44,83.224144,-83,0,0,0,0,0,0,0,-59,0,0,17,0,0
24.7894407,120.9950057,9.984000205993652,334.67822265625,0.0,13.62,13.2,-37.68,25.191046,-83,0,0,0,0,0,0,0,-59,0,0,17,0,0
24.7894525,120.9949994,10.067000389099121,338.369384765625,0.0,35.219997,13.799999,-20.279999,160.16132,-83,0,0,0,0,0,0,0,-59,0,0,17,0,0
24.7894605,120.9949951,10.118000030517578,334.767578125,0.0,32.94,10.679999,-24.539999,-63.850555,-83,0,0,0,0,0,0,0,-59,0,0,17,0,0
24.7894605,120.9949951,10.118000030517578,334.767578125,0.0,9.42,9.54,-41.1,106.3448,-83,0,0,0,0,0,0,0,-59,0,0,17,0,0
24.7894605,120.9949951,10.118000030517578,334.767578125,0.0,16.92,17.039999,-35.34,-22.322088,-83,0,0,0,0,0,0,0,-59,0,0,17,0,0
24.7894683,120.9949906,10.126999855041504,332.4778137207031,0.0,35.579998,11.88,-20.1,-110.489174,-83,0,0,0,0,0,0,0,-59,0,0,17,0,0
24.7894683,120.9949906,10.126999855041504,332.4778137207031,0.0,22.32,8.76,-34.98,-53.144764,-83,0,0,0,0,0,0,0,-59,0,0,17,0,0
24.7894683,120.9949906,10.126999855041504,332.4778137207031,0.0,11.88,15.78,-38.52,83.201965,-83,0,0,0,0,0,0,0,-59,0,0,17,0,0
24.7894758,120.9949859,10.112000465393066,328.5504150390625,0.0,28.92,18.06,-24.96,-54.212376,-83,0,0,0,0,0,0,0,-59,0,0,17,0,0
24.7894758,120.9949859,10.112000465393066,328.5504150390625,0.0,38.399998,6.8399997,-17.46,-94.65012,-83,0,0,0,0,0,0,0,-59,0,0,17,0,0
24.7894758,120.9949859,10.112000465393066,328.5504150390625,0.0,17.64,1.8,-38.219997,81.78327,-83,0,0,0,0,0,0,0,-59,0,0,17,0,0
24.7894855,120.9949795,10.111000061035156,326.3999328613281,0.0,14.759999,12.96,-35.82,23.37813,-83,0,0,0,0,0,0,0,-59,0,0,17,0,0
24.7894855,120.9949795,10.111000061035156,326.3999328613281,0.0,33.54,13.5,-21.84,-104.538864,-83,0,0,0,0,0,0,0,-59,0,0,17,0,0
24.7894855,120.9949795,10.111000061035156,326.3999328613281,0.0,32.94,7.9199996,-22.08,-75.6274,-83,0,0,0,0,0,0,0,-59,0,0,17,0,0
24.7894957,120.9949717,10.138999938964844,326.02008056640625,0.0,16.68,2.3999999,-37.32,95.36844,-83,0,0,0,0,0,0,0,-59,0,0,17,0,0
24.7894957,120.9949717,10.138999938964844,326.02008056640625,0.0,24.72,13.98,-29.64,-37.300392,-83,0,0,0,0,0,0,0,-59,0,0,17,0,0
24.7895053,120.9949627,10.128000259399414,327.166015625,0.0,37.44,12.42,-14.94,-120.930824,-83,0,0,0,0,0,0,0,-59,0,0,17,0,0
24.7895053,120.9949627,10.128000259399414,327.166015625,0.0,29.34,6.48,-28.98,-56.813145,-83,0,0,0,0,0,0,0,-59,0,0,17,0,0
24.7895053,120.9949627,10.128000259399414,327.166015625,0.0,14.46,10.98,-38.879997,110.567444,-83,0,0,0,0,0,0,0,-59,0,0,17,0,0
24.7895129,120.9949549,10.067999839782715,326.25634765625,0.0,29.939999,15.36,-25.56,-55.074677,-83,0,0,0,0,0,0,0,-59,0,0,17,0,0
24.7895129,120.9949549,10.067999839782715,326.25634765625,0.0,38.219997,11.099999,-17.279999,-136.82948,-83,0,0,0,0,0,0,0,-59,0,0,17,0,0
24.7895129,120.9949549,10.067999839782715,326.25634765625,0.0,22.02,1.4399999,-36.54,46.98871,-83,0,0,0,0,0,0,0,-59,0,0,17,0,0
24.7895129,120.9949549,10.067999839782715,326.25634765625,0.0,19.56,7.14,-36.48,70.69211,-83,0,0,0,0,0,0,0,-59,0,0,17,0,0
24.7895129,120.9949549,10.067999839782715,326.25634765625,0.0,36.96,10.26,-19.5,-73.815735,-83,0,0,0,0,0,0,0,-59,0,0,17,0,0
24.7895129,120.9949549,10.067999839782715,326.25634765625,0.0,33.18,2.6399999,-24.0,-87.2762,-83,0,0,0,0,0,0,0,-59,0,0,17,0,0
24.7895294,120.9949426,9.95199966430664,323.4982604980469,0.0,18.359999,-3.06,-38.94,91.90713,-83,0,0,0,0,0,0,0,-59,0,0,17,0,0
24.7895294,120.9949426,9.95199966430664,323.4982604980469,0.0,24.18,8.82,-33.96,-21.379053,-83,0,0,0,0,0,0,0,-59,0,0,17,0,0
24.7895294,120.9949426,9.95199966430664,323.4982604980469,0.0,39.84,6.96,-17.76,-134.95673,-83,0,0,0,0,0,0,0,-59,0,0,17,0,0
24.7895367,120.994936,10.024999618530273,318.3462219238281,0.0,35.579998,7.62,-24.84,-70.9057,-83,0,0,0,0,0,0,0,-59,0,0,17,0,0
24.7895367,120.994936,10.024999618530273,318.3462219238281,0.0,25.019999,1.86,-35.28,111.01417,-83,0,0,0,0,0,0,0,-59,0,0,17,0,0
24.7895367,120.994936,10.024999618530273,318.3462219238281,0.0,33.239998,10.32,-26.88,-38.725353,-83,0,0,0,0,0,0,0,-59,0,0,17,0,0
24.7895443,120.994926,10.10099983215332,316.3585205078125,0.0,43.5,6.12,-13.679999,-140.01299,-83,0,0,0,0,0,0,0,-59,0,0,17,0,0
24.7895443,120.994926,10.10099983215332,316.3585205078125,0.0,25.5,2.04,-36.48,-72.21662,-83,0,0,0,0,0,0,0,-59,0,0,17,0,0
24.7895443,120.994926,10.10099983215332,316.3585205078125,0.0,19.8,6.42,-38.34,131.79962,-83,0,0,0,0,0,0,0,-59,0,0,17,0,0
24.7895443,120.994926,10.10099983215332,316.3585205078125,0.0,31.38,12.719999,-29.22,-57.028656,-83,0,0,0,0,0,0,0,-59,0,0,17,0,0
24.7895443,120.994926,10.10099983215332,316.3585205078125,0.0,43.68,3.0,-12.36,-109.79724,-83,0,0,0,0,0,0,0,-59,0,0,17,0,0
24.7895583,120.9949076,10.166999816894531,309.7765808105469,0.0,30.72,2.28,-32.04,-35.25717,-83,0,0,0,0,0,0,0,-59,0,0,17,0,0
24.7895583,120.9949076,10.166999816894531,309.7765808105469,0.0,28.14,6.2999997,-34.32,-2.4070725,-83,0,0,0,0,0,0,0,-59,0,0,17,0,0
24.7895583,120.9949076,10.166999816894531,309.7765808105469,0.0,42.42,6.2999997,-16.619999,-95.60959,-83,0,0,0,0,0,0,0,-59,0,0,17,0,0
24.7895583,120.9949076,10.166999816894531,309.7765808105469,0.0,34.2,-4.8599997,-30.06,-97.07359,-83,0,0,0,0,0,0,0,-59,0,0,17,0,0
24.7895642,120.9948973,10.163999557495117,307.5318908691406,0.0,20.52,-2.46,-41.1,170.68056,-83,0,0,0,0,0,0,0,-59,0,0,17,0,0
24.7895687,120.9948867,10.154000282287598,305.9813537597656,0.0,32.88,8.099999,-29.82,-43.221878,-83,0,0,0,0,0,0,0,-59,0,0,17,0,0
24.7895687,120.9948867,10.154000282287598,305.9813537597656,0.0,43.98,1.62,-15.839999,-158.41792,-83,0,0,0,0,0,0,0,-59,0,0,17,0,0
24.7895687,120.9948867,10.154000282287598,305.9813537597656,0.0,30.539999,-3.54,-33.12,-81.378044,-83,0,0,0,0,0,0,0,-59,0,0,17,0,0
24.7895687,120.9948867,10.154000282287598,305.9813537597656,0.0,18.9,6.06,-40.68,96.92704,-83,0,0,0,0,0,0,0,-59,0,0,17,0,0
24.7895734,120.9948731,10.263999938964844,304.2254943847656,0.0,40.5,8.099999,-20.1,-71.75684,-83,0,0,0,0,0,0,0,-59,0,0,17,0,0
24.7895734,120.9948731,10.263999938964844,304.2254943847656,0.0,40.8,-4.74,-18.359999,-140.55077,-83,0,0,0,0,0,0,0,-59,0,0,17,0,0
24.7895811,120.9948611,10.256999969482422,302.7098693847656,0.0,23.34,-3.84,-37.26,88.009346,-83,0,0,0,0,0,0,0,-59,0,0,17,0,0
24.7895811,120.9948611,10.256999969482422,302.7098693847656,0.0,26.939999,9.48,-32.76,-38.282673,-83,0,0,0,0,0,0,0,-59,0,0,17,0,0
24.7895811,120.9948611,10.256999969482422,302.7098693847656,0.0,42.42,4.3199997,-14.639999,-158.34023,-83,0,0,0,0,0,0,0,-59,0,0,17,0,0
24.7895811,120.9948611,10.256999969482422,302.7098693847656,0.0,39.12,-1.14,-20.46,-88.25168,-83,0,0,0,0,0,0,0,-59,0,0,17,0,0
24.7895888,120.9948505,10.28499984741211,301.5982360839844,0.0,26.58,4.5,-33.66,121.92062,-83,0,0,0,0,0,0,0,-59,0,0,17,0,0
24.7895888,120.9948505,10.28499984741211,301.5982360839844,0.0,34.559998,8.28,-25.32,-64.708664,-83,0,0,0,0,0,0,0,-59,0,0,17,0,0
24.7895945,120.9948388,10.274999618530273,301.0840759277344,0.0,43.86,-4.8599997,-12.12,174.1564,-83,0,0,0,0,0,0,0,-59,0,0,17,0,0
24.7895945,120.9948388,10.274999618530273,301.0840759277344,0.0,33.12,-5.3399997,-29.16,-78.04343,-83,0,0,0,0,0,0,0,-59,0,0,17,0,0
24.7895945,120.9948388,10.274999618530273,301.0840759277344,0.0,29.82,1.9799999,-31.679998,112.33537,-83,0,0,0,0,0,0,0,-59,0,0,17,0,0
24.7895995,120.9948264,10.237000465393066,299.8277282714844,0.0,42.3,-1.3199999,-13.38,-92.3612,-83,0,0,0,0,0,0,0,-59,0,0,17,0,0
24.7895995,120.9948264,10.237000465393066,299.8277282714844,0.0,42.899998,-7.9199996,-12.78,-114.0948,-83,0,0,0,0,0,0,0,-59,0,0,17,0,0
24.7896028,120.9948163,10.067999839782715,295.5451354980469,0.0,36.3,-4.56,-26.46,112.63634,-83,0,0,0,0,0,0,0,-59,0,0,17,0,0
24.7896028,120.9948163,10.067999839782715,295.5451354980469,0.0,41.28,3.0,-16.32,-58.886635,-83,0,0,0,0,0,0,0,-59,0,0,17,0,0
24.7896028,120.9948163,10.067999839782715,295.5451354980469,0.0,45.78,-7.8599997,-1.74,-136.16644,-83,0,0,0,0,0,0,0,-59,0,0,17,0,0
24.7896051,120.9948066,10.02299976348877,289.6065368652344,0.0,38.399998,-17.82,-15.78,-111.883415,-83,0,0,0,0,0,0,0,-62,0,0,17,0,0
24.7896051,120.9948066,10.02299976348877,289.6065368652344,0.0,37.44,-6.42,-24.24,141.87062,-83,0,0,0,0,0,0,0,-62,0,0,17,0,0
24.7896077,120.9947932,10.072999954223633,285.7737121582031,0.0,43.26,-6.42,-13.08,-90.25707,-83,0,0,0,0,0,0,0,-62,0,0,17,0,0
24.7896077,120.9947932,10.072999954223633,285.7737121582031,0.0,43.44,-12.66,-4.62,-149.97096,-83,0,0,0,0,0,0,0,-62,0,0,17,0,0
24.7896077,120.9947932,10.072999954223633,285.7737121582031,0.0,36.78,-6.72,-21.359999,-97.398766,-83,0,0,0,0,0,0,0,-62,0,0,17,0,0
24.7896077,120.9947932,10.072999954223633,285.7737121582031,0.0,28.5,3.3,-32.399998,156.83887,-83,0,0,0,0,0,0,0,-62,0,0,17,0,0
24.7896101,120.9947794,10.156000137329102,282.6257629394531,0.0,36.96,0.65999997,-22.32,-86.3671,-83,0,0,0,0,0,0,0,-62,0,0,17,0,0
24.7896101,120.9947794,10.156000137329102,282.6257629394531,0.0,39.42,-8.34,-16.32,-146.83119,-83,0,0,0,0,0,0,0,-62,0,0,17,0,0
24.7896101,120.9947794,10.156000137329102,282.6257629394531,0.0,31.92,-6.96,-26.939999,-106.707,-83,0,0,0,0,0,0,0,-62,0,0,17,0,0
24.7896101,120.9947794,10.156000137329102,282.6257629394531,0.0,29.34,-0.53999996,-29.82,119.659584,-83,0,0,0,0,0,0,0,-62,0,0,17,0,0
24.7896126,120.994768,10.1850004196167,282.5538330078125,0.0,41.16,-2.6399999,-11.88,-101.75317,-83,0,0,0,0,0,0,0,-62,0,0,17,0,0
24.7896126,120.994768,10.1850004196167,282.5538330078125,0.0,40.739998,-10.38,-13.0199995,-104.96737,-83,0,0,0,0,0,0,0,-62,0,0,17,0,0
24.7896165,120.9947588,10.145000457763672,286.1921691894531,0.0,36.42,-2.04,-22.199999,125.27421,-83,0,0,0,0,0,0,0,-62,0,0,17,0,0
24.7896165,120.9947588,10.145000457763672,286.1921691894531,0.0,37.739998,3.54,-19.32,-78.59013,-83,0,0,0,0,0,0,0,-62,0,0,17,0,0
24.7896165,120.9947588,10.145000457763672,286.1921691894531,0.0,42.18,-11.16,-8.82,-159.55817,-83,0,0,0,0,0,0,0,-62,0,0,17,0,0
24.7896213,120.9947492,10.128000259399414,289.09649658203125,0.0,35.28,-12.719999,-21.66,-107.64537,-83,0,0,0,0,0,0,0,-62,0,0,17,0,0
24.7896213,120.9947492,10.128000259399414,289.09649658203125,0.0,30.24,-4.56,-29.46,130.48921,-83,0,0,0,0,0,0,0,-62,0,0,17,0,0
24.789626,120.9947381,10.13700008392334,289.98974609375,0.0,36.66,-6.6,-20.279999,-93.00015,-83,0,0,0,0,0,0,0,-62,0,0,17,0,0
24.789626,120.9947381,10.13700008392334,289.98974609375,0.0,40.079998,-13.98,-11.5199995,-109.56955,-83,0,0,0,0,0,0,0,-62,0,0,17,0,0
24.789626,120.9947381,10.13700008392334,289.98974609375,0.0,36.78,-1.56,-22.08,-104.51668,-83,0,0,0,0,0,0,0,-62,0,0,17,0,0
24.789626,120.9947381,10.13700008392334,289.98974609375,0.0,37.739998,0.96,-18.6,95.29822,-83,0,0,0,0,0,0,0,-62,0,0,17,0,0
24.7896303,120.9947253,10.121999740600586,289.17095947265625,0.0,42.54,-8.82,-8.28,-110.69688,-83,0,0,0,0,0,0,0,-62,0,0,17,0,0
24.7896303,120.9947253,10.121999740600586,289.17095947265625,0.0,42.3,-10.8,-6.72,-101.97404,-83,0,0,0,0,0,0,0,-62,0,0,17,0,0
24.7896303,120.9947253,10.121999740600586,289.17095947265625,0.0,37.44,-4.74,-20.279999,134.5951,-83,0,0,0,0,0,0,0,-62,0,0,17,0,0
24.7896303,120.9947253,10.121999740600586,289.17095947265625,0.0,42.059998,-4.38,-11.28,-93.68354,-83,0,0,0,0,0,0,0,-62,0,0,17,0,0
24.7896303,120.9947253,10.121999740600586,289.17095947265625,0.0,41.16,-17.039999,-2.22,-157.97386,-83,0,0,0,0,0,0,0,-62,0,0,17,0,0
24.7896328,120.9947118,10.204000473022461,287.26318359375,0.0,37.32,-14.94,-14.88,-121.49229,-83,0,0,0,0,0,0,0,-62,0,0,17,0,0
24.7896328,120.9947118,10.204000473022461,287.26318359375,0.0,31.8,-8.94,-25.619999,122.32074,-83,0,0,0,0,0,0,0,-62,0,0,17,0,0
24.7896328,120.9947118,10.204000473022461,287.26318359375,0.0,36.899998,-10.98,-16.02,-104.94735,-83,0,0,0,0,0,0,0,-62,0,0,17,0,0
24.7896328,120.9947118,10.204000473022461,287.26318359375,0.0,38.82,-19.38,-7.62,-163.62819,-83,0,0,0,0,0,0,0,-62,0,0,17,0,0
24.7896372,120.9946892,10.255000114440918,285.95489501953125,0.0,32.219997,-15.719999,-23.22,174.49133,-83,0,0,0,0,0,0,0,-62,0,0,17,0,0
24.7896372,120.9946892,10.255000114440918,285.95489501953125,0.0,35.7,-5.52,-22.38,-121.71698,-83,0,0,0,0,0,0,0,-62,0,0,17,0,0
24.7896382,120.9946769,10.152000427246094,284.96612548828125,0.0,39.84,-14.099999,-10.08,-111.10487,-83,0,0,0,0,0,0,0,-62,0,0,17,0,0
24.7896382,120.9946769,10.152000427246094,284.96612548828125,0.0,37.92,-19.02,-10.26,-113.954315,-83,0,0,0,0,0,0,0,-62,0,0,17,0,0
24.7896382,120.9946769,10.152000427246094,284.96612548828125,0.0,35.88,-12.54,-21.359999,109.03492,-83,0,0,0,0,0,0,0,-62,0,0,17,0,0
24.7896382,120.9946769,10.152000427246094,284.96612548828125,0.0,37.62,-6.0,-17.4,-85.620766,-83,0,0,0,0,0,0,0,-62,0,0,17,0,0
24.7896384,120.994665,10.157999992370605,283.82135009765625,0.0,42.059998,-15.839999,-5.16,-175.46684,-83,0,0,0,0,0,0,0,-62,0,0,17,0,0
24.7896389,120.9946533,10.151000022888184,282.77105712890625,0.0,33.42,-18.119999,-18.96,-105.290764,-83,0,0,0,0,0,0,0,-62,0,0,17,0,0
24.7896389,120.9946533,10.151000022888184,282.77105712890625,0.0,25.98,-15.599999,-29.22,173.4355,-83,0,0,0,0,0,0,0,-62,0,0,17,0,0
24.7896389,120.9946533,10.151000022888184,282.77105712890625,0.0,30.96,-18.18,-20.939999,-112.0537,-83,0,0,0,0,0,0,0,-62,0,0,17,0,0
24.7896389,120.9946533,10.151000022888184,282.77105712890625,0.0,31.8,-27.359999,-10.2,-137.27576,-83,0,0,0,0,0,0,0,-62,0,0,17,0,0
24.7896397,120.9946416,10.128000259399414,281.6669921875,0.0,36.78,-20.699999,-7.44,-101.30091,-83,0,0,0,0,0,0,0,-62,0,0,17,0,0
24.7896397,120.9946416,10.128000259399414,281.6669921875,0.0,35.82,-16.02,-16.38,133.72746,-83,0,0,0,0,0,0,0,-62,0,0,17,0,0
24.7896399,120.9946304,10.12600040435791,280.51922607421875,0.0,36.78,-23.1,-1.62,-126.03128,-83,0,0,0,0,0,0,0,-62,0,0,17,0,0
24.7896399,120.9946304,10.12600040435791,280.51922607421875,0.0,31.98,-27.66,-2.8799999,-133.82533,-83,0,0,0,0,0,0,0,-62,0,0,17,0,0
24.7896399,120.9946304,10.12600040435791,280.51922607421875,0.0,32.34,-23.34,-13.44,123.093,-83,0,0,0,0,0,0,0,-62,0,0,17,0,0
24.7896399,120.9946221,10.03600025177002,279.9526062011719,0.0,34.26,-19.38,-13.86,-98.56078,-83,0,0,0,0,0,0,0,-62,0,0,17,0,0
24.7896399,120.9946221,10.03600025177002,279.9526062011719,0.0,32.76,-25.26,-6.24,176.28526,-83,0,0,0,0,0,0,0,-62,0,0,17,0,0
24.7896404,120.9946131,9.98799991607666,279.5643615722656,0.0,31.38,-24.18,-12.0,-123.28683,-83,0,0,0,0,0,0,0,-62,0,0,17,0,0
24.7896404,120.9946131,9.98799991607666,279.5643615722656,0.0,37.2,-17.039999,-12.96,150.13103,-83,0,0,0,0,0,0,0,-62,0,0,17,0,0
24.7896404,120.9946131,9.98799991607666,279.5643615722656,0.0,38.82,-16.199999,-7.74,-106.31275,-83,0,0,0,0,0,0,0,-62,0,0,17,0,0
24.7896404,120.9946131,9.98799991607666,279.5643615722656,0.0,34.98,-24.18,2.76,170.11888,-83,0,0,0,0,0,0,0,-62,0,0,17,0,0
24.7896401,120.9946031,9.91100025177002,278.85205078125,0.0,34.62,-21.06,-11.94,-115.30616,-83,0,0,0,0,0,0,0,-62,0,0,17,0,0
24.7896401,120.9946031,9.91100025177002,278.85205078125,0.0,36.059998,-15.24,-14.94,137.33743,-83,0,0,0,0,0,0,0,-62,0,0,17,0,0
24.7896409,120.9945933,9.848999977111816,278.8216857910156,0.0,36.36,-20.699999,-6.3599997,-114.54227,-83,0,0,0,0,0,0,0,-62,0,0,17,0,0
24.7896409,120.9945933,9.848999977111816,278.8216857910156,0.0,32.94,-26.34,-4.62,-151.76657,-83,0,0,0,0,0,0,0,-62,0,0,17,0,0
24.7896409,120.9945933,9.848999977111816,278.8216857910156,0.0,29.46,-25.38,-18.0,145.42113,-83,0,0,0,0,0,0,0,-62,0,0,17,0,0
24.7896409,120.9945933,9.848999977111816,278.8216857910156,0.0,34.739998,-20.52,-13.92,-93.69804,-83,0,0,0,0,0,0,0,-62,0,0,17,0,0
24.7896408,120.9945833,9.930999755859375,278.7377014160156,0.0,33.78,-25.98,2.1,143.47862,-83,0,0,0,0,0,0,0,-62,0,0,17,0,0
24.7896417,120.9945723,9.954000473022461,278.6720275878906,0.0,30.48,-27.42,-8.34,-128.42131,-83,0,0,0,0,0,0,0,-62,0,0,17,0,0
24.7896417,120.9945723,9.954000473022461,278.6720275878906,0.0,34.86,-20.699999,-14.759999,172.5152,-83,0,0,0,0,0,0,0,-62,0,0,17,0,0
24.7896417,120.9945723,9.954000473022461,278.6720275878906,0.0,36.42,-23.279999,-3.9599998,-117.31996,-83,0,0,0,0,0,0,0,-62,0,0,17,0,0
24.7896417,120.9945723,9.954000473022461,278.6720275878906,0.0,30.359999,-31.619999,0.84,-175.68544,-83,0,0,0,0,0,0,0,-62,0,0,17,0,0
24.7896414,120.994561,10.008000373840332,278.07147216796875,0.0,31.8,-27.539999,-10.74,-145.82495,-83,0,0,0,0,0,0,0,-62,0,0,17,0,0
24.7896414,120.994561,10.008000373840332,278.07147216796875,0.0,35.399998,-18.72,-15.9,128.536,-83,0,0,0,0,0,0,0,-62,0,0,17,0,0
24.7896416,120.9945496,10.008999824523926,277.2881774902344,0.0,33.96,-23.939999,-5.2799997,-113.29844,-83,0,0,0,0,0,0,0,-62,0,0,17,0,0
24.7896416,120.9945496,10.008999824523926,277.2881774902344,0.0,29.76,-28.8,-7.14,-142.93349,0,0,0,0,-85,-92,0,0,0,0,0,17,0,0
24.7896416,120.9945496,10.008999824523926,277.2881774902344,0.0,34.98,-21.24,-10.5,155.47398,0,0,0,0,-85,-92,0,0,0,0,0,17,0,0
24.7896416,120.9945496,10.008999824523926,277.2881774902344,0.0,34.559998,-21.84,-8.4,-106.25997,0,0,0,0,-85,-92,0,0,0,0,0,17,0,0
24.7896392,120.9945375,10.062999725341797,270.7849426269531,0.0,31.679998,-29.64,3.12,140.87465,0,0,0,0,-85,-92,0,0,0,0,0,17,0,0
24.7896392,120.9945375,10.062999725341797,270.7849426269531,0.0,29.099998,-29.22,-4.38,-133.18872,0,0,0,0,-85,-92,0,0,0,0,0,17,0,0
24.7896392,120.9945375,10.062999725341797,270.7849426269531,0.0,35.94,-20.52,-7.44,163.34084,0,0,0,0,-85,-92,0,0,0,0,0,17,0,0
24.789636,120.9945272,10.086999893188477,266.6624450683594,0.0,35.579998,-22.98,-6.54,-121.71255,0,0,0,0,-85,-92,0,0,0,0,0,17,0,0
24.789636,120.9945272,10.086999893188477,266.6624450683594,0.0,29.64,-30.06,-2.46,177.80704,0,0,0,0,-85,-92,0,0,0,0,0,17,0,0
24.7896342,120.9945158,10.13700008392334,263.13897705078125,0.0,29.82,-28.8,-8.16,-132.90517,0,0,0,0,-85,-92,0,0,0,0,0,17,0,0
24.7896342,120.9945158,10.13700008392334,263.13897705078125,0.0,36.239998,-19.619999,-11.759999,149.86111,0,0,0,0,-85,-92,0,0,0,0,0,17,0,0
24.7896342,120.9945158,10.13700008392334,263.13897705078125,0.0,34.26,-24.24,-5.46,-120.6801,0,0,0,0,-85,-92,0,0,0,0,0,17,0,0
24.7896342,120.9945158,10.13700008392334,263.13897705078125,0.0,28.98,-30.72,-3.4199998,-148.73653,0,0,0,0,-85,-92,0,0,0,0,0,17,0,0
24.7896067,120.9944478,9.925000190734863,240.26800537109375,0.0,37.739998,-24.359999,4.56,176.56439,0,0,-88,0,-90,0,0,0,0,0,0,17,0,0
24.7896067,120.9944478,9.925000190734863,240.26800537109375,0.0,35.76,-26.4,-1.9799999,-121.62608,0,0,-88,0,-90,0,0,0,0,0,0,17,0,0
24.7896067,120.9944478,9.925000190734863,240.26800537109375,0.0,41.28,-17.039999,-5.04,-161.64749,0,0,-88,0,-90,0,0,0,0,0,0,17,0,0
24.7896067,120.9944478,9.925000190734863,240.26800537109375,0.0,39.3,-23.82,5.46,-117.05876,0,0,-88,0,-90,0,0,0,0,0,0,17,0,0
24.7895992,120.9944362,9.88700008392334,240.19334411621094,0.0,28.14,-34.8,-2.82,-152.27455,0,0,-88,0,-90,0,0,0,0,0,0,17,0,0
24.7895932,120.9944253,9.852999687194824,243.96636962890625,0.0,35.16,-28.26,3.36,-142.18669,0,0,-88,0,-90,0,0,0,0,0,0,17,0,0
24.7895932,120.9944253,9.852999687194824,243.96636962890625,0.0,38.7,-21.539999,-2.46,-142.36835,0,0,-88,0,-90,0,0,0,0,0,0,17,0,0
24.7895883,120.9944135,9.878999710083008,237.53289794921875,0.0,27.72,-33.6,-2.7,-143.58426,0,0,-88,0,-90,0,0,0,0,0,0,17,0,0
24.7895883,120.9944135,9.878999710083008,237.53289794921875,0.0,24.18,-37.079998,-0.42,-147.01842,0,0,-88,0,-90,0,0,0,0,0,0,17,0,0
24.7895883,120.9944135,9.878999710083008,237.53289794921875,0.0,33.18,-28.32,4.8599997,-177.33028,0,0,-88,0,-90,0,0,0,0,0,0,17,0,0
24.7895883,120.9944135,9.878999710083008,237.53289794921875,0.0,34.079998,-27.18,2.22,-124.47146,0,0,-88,0,-90,0,0,0,0,0,0,17,0,0
24.7895842,120.9944059,9.892999649047852,227.54058837890625,0.0,29.22,-32.1,0.78,156.35036,0,0,-88,0,-90,0,0,0,0,0,0,17,0,0
24.7895779,120.9943974,9.812999725341797,232.2404327392578,0.0,23.4,-35.579998,3.12,-145.54155,0,0,-93,0,-90,0,0,0,0,0,0,17,0,0
24.7895779,120.9943974,9.812999725341797,232.2404327392578,0.0,37.44,-21.779999,-0.42,-159.0838,0,0,-93,0,-90,0,0,0,0,0,0,17,0,0
24.7895779,120.9943974,9.812999725341797,232.2404327392578,0.0,30.96,-30.24,-0.42,-132.52783,0,0,-93,0,-90,0,0,0,0,0,0,17,0,0
24.7895779,120.9943974,9.812999725341797,232.2404327392578,0.0,19.32,-38.04,-4.3199997,-155.90186,0,0,-93,0,-90,0,0,0,0,0,0,17,0,0
24.7895714,120.9943874,9.779000282287598,233.59405517578125,0.0,24.539999,-34.8,7.2,-144.97887,0,0,-93,0,-90,0,0,0,0,0,0,17,0,0
24.7895714,120.9943874,9.779000282287598,233.59405517578125,0.0,33.18,-28.38,0.9,-166.90889,0,0,-93,0,-90,0,0,0,0,0,0,17,0,0
24.7895646,120.9943755,9.720000267028809,236.53317260742188,0.0,21.48,-37.559998,1.14,-147.81375,0,0,-93,0,-90,0,0,0,0,0,0,17,0,0
24.7895646,120.9943755,9.720000267028809,236.53317260742188,0.0,17.1,-38.76,-5.4,-154.02252,0,0,-93,0,-90,0,0,0,0,0,0,17,0,0
24.7895646,120.9943755,9.720000267028809,236.53317260742188,0.0,33.36,-26.519999,8.76,-168.96466,0,0,-93,0,-90,0,0,0,0,0,0,17,0,0
24.7895599,120.9943631,9.895000457763672,237.0650634765625,0.0,33.12,-26.88,0.9,-123.33804,0,0,-93,0,-90,0,0,0,0,0,0,17,0,0
24.7895599,120.9943631,9.895000457763672,237.0650634765625,0.0,23.82,-35.82,-2.34,-174.37782,0,0,-93,0,-90,0,0,0,0,0,0,17,0,0
24.7895599,120.9943631,9.895000457763672,237.0650634765625,0.0,21.3,-37.44,-5.04,-147.71382,0,0,0,-85,-92,0,0,0,0,0,0,17,0,0
24.7895599,120.9943631,9.895000457763672,237.0650634765625,0.0,33.66,-27.599998,4.7999997,176.75772,0,0,0,-85,-92,0,0,0,0,0,0,17,0,0
24.7895599,120.9943631,9.895000457763672,237.0650634765625,0.0,30.539999,-30.06,4.62,-133.08734,0,0,0,-85,-92,0,0,0,0,0,0,17,0,0
24.7895556,120.9943523,9.869000434875488,233.34088134765625,0.0,22.14,-37.14,0.71999997,-171.93134,0,0,0,-85,-92,0,0,0,0,0,0,17,0,0
24.7895511,120.9943443,9.96399974822998,233.93882751464844,0.0,25.5,-35.219997,2.7,-144.11981,0,0,0,-85,-92,0,0,0,0,0,0,17,0,0
24.7895511,120.9943443,9.96399974822998,233.93882751464844,0.0,38.1,-23.4,3.54,-174.38402,0,0,0,-85,-92,0,0,0,0,0,0,17,0,0
24.7895455,120.9943351,10.008999824523926,236.05052185058594,0.0,29.16,-32.04,0.35999998,-134.9646,0,0,0,-85,-92,0,0,0,0,0,0,17,0,0
24.7895455,120.9943351,10.008999824523926,236.05052185058594,0.0,19.56,-38.579998,9.78,167.64357,0,0,0,-85,-92,0,0,0,0,0,0,17,0,0
24.7895455,120.9943351,10.008999824523926,236.05052185058594,0.0,26.16,-31.019999,15.48,-145.63103,0,0,0,-85,-92,0,0,0,0,0,0,17,0,0
24.7895455,120.9943351,10.008999824523926,236.05052185058594,0.0,35.88,-22.32,12.599999,-122.480675,0,0,0,-85,-92,0,0,0,0,0,0,17,0,0
24.789541,120.9943233,10.055999755859375,233.29141235351562,0.0,24.72,-34.38,6.96,-157.08951,0,0,0,-85,-92,0,0,0,0,0,0,17,0,0
24.789541,120.9943233,10.055999755859375,233.29141235351562,0.0,24.119999,-34.14,3.6,-145.06174,0,0,0,-85,-92,0,0,0,0,0,0,17,0,0
24.789535,120.9943115,10.031000137329102,232.24459838867188,0.0,34.559998,-25.32,8.76,159.60344,0,0,0,-85,-92,0,0,0,0,0,0,17,0,0
24.789535,120.9943115,10.031000137329102,232.24459838867188,0.0,31.26,-28.92,2.6399999,-128.86751,0,0,0,-85,-92,0,0,0,0,0,0,17,0,0
24.789535,120.9943115,10.031000137329102,232.24459838867188,0.0,24.06,-35.219997,6.3599997,-174.89345,0,0,0,-85,-92,0,0,0,0,0,0,17,0,0
24.7895292,120.9943028,10.008999824523926,228.8575439453125,0.0,23.64,-35.46,3.6599998,-142.26607,0,0,0,-85,-92,0,0,0,0,0,0,17,0,0
24.7895292,120.9943028,10.008999824523926,228.8575439453125,0.0,37.68,-23.88,4.68,-169.62906,0,0,0,-85,-92,0,0,0,0,0,0,17,0,0
24.7895224,120.9942963,10.088000297546387,227.72463989257812,0.0,29.88,-30.179998,5.58,-128.38983,0,0,0,-85,-92,0,0,0,0,0,0,17,0,0
24.7895224,120.9942963,10.088000297546387,227.72463989257812,0.0,19.56,-37.2,6.7799997,-161.90468,0,0,0,-85,-92,0,0,0,0,0,0,17,0,0
24.7895224,120.9942963,10.088000297546387,227.72463989257812,0.0,30.24,-26.64,14.58,-144.24907,0,0,0,-85,-92,0,0,0,0,0,0,17,0,0
24.7895224,120.9942963,10.088000297546387,227.72463989257812,0.0,34.44,-25.98,5.58,-122.10473,0,0,0,-85,-92,0,0,0,0,0,0,17,0,0
24.7895142,120.9942914,10.001999855041504,225.4725799560547,0.0,25.14,-34.02,7.02,155.40324,0,0,0,-85,-92,0,0,0,0,0,0,17,0,0
24.7895142,120.9942914,10.001999855041504,225.4725799560547,0.0,20.64,-37.02,5.1,-152.38466,0,0,0,-85,-92,0,0,0,0,0,0,17,0,0
24.7895058,120.994285,10.020999908447266,223.9357452392578,0.0,31.619999,-27.84,11.46,-175.27097,0,0,0,-85,-92,0,0,0,0,0,0,17,0,0
24.7895058,120.994285,10.020999908447266,223.9357452392578,0.0,30.3,-30.0,5.8799996,-132.53365,0,0,0,-85,-92,0,0,0,0,0,0,17,0,0
24.7894713,120.9942566,10.107000350952148,219.75558471679688,0.0,10.08,-41.1,0.06,-170.36475,0,0,0,-80,-87,0,0,0,0,0,0,17,0,0
24.7894627,120.9942497,10.178000450134277,219.1885528564453,0.0,9.84,-42.78,2.58,-166.3038,0,0,0,-80,-87,0,0,0,0,0,0,17,0,0
24.7894627,120.9942497,10.178000450134277,219.1885528564453,0.0,25.8,-33.36,13.5,-168.13425,0,0,0,-80,-87,0,0,0,0,0,0,17,0,0
24.7894559,120.9942453,10.222999572753906,217.82241821289062,0.0,19.199999,-39.3,10.32,-151.34787,0,0,0,-80,-87,0,0,0,0,0,0,17,0,0
24.7894559,120.9942453,10.222999572753906,217.82241821289062,0.0,10.26,-43.26,1.9799999,-175.08366,0,0,0,-80,-87,0,0,0,0,0,0,17,0,0
24.7894559,120.9942453,10.222999572753906,217.82241821289062,0.0,13.2,-43.079998,6.06,-161.0709,0,0,0,-80,-87,0,0,0,0,0,0,17,0,0
24.7894559,120.9942453,10.222999572753906,217.82241821289062,0.0,24.539999,-35.1,19.08,-171.46275,0,0,0,-80,-87,0,0,0,0,0,0,17,0,0
24.7894477,120.994241,10.27400016784668,215.54397583007812,0.0,8.94,-43.5,1.14,-166.97386,0,0,0,-80,-87,0,0,0,0,0,0,17,0,0
24.7894477,120.994241,10.27400016784668,215.54397583007812,0.0,0.78,-43.079998,-9.66,-164.63737,0,0,0,-80,-87,0,0,0,0,0,0,17,0,0
24.7894399,120.9942368,10.288999557495117,213.88970947265625,0.0,4.56,-44.64,9.599999,-166.60797,0,0,0,-80,-87,0,0,0,0,0,0,17,0,0
24.7894399,120.9942368,10.288999557495117,213.88970947265625,0.0,11.94,-40.739998,17.94,-170.59895,0,0,0,-80,-87,0,0,0,0,0,0,17,0,0
24.7894399,120.9942368,10.288999557495117,213.88970947265625,0.0,-0.9,-43.68,-9.42,-172.87878,0,0,0,-80,-87,0,0,0,0,0,0,17,0,0
24.7894332,120.9942324,10.32800006866455,213.08302307128906,0.0,-4.62,-43.98,-4.14,176.59578,0,0,0,-81,-86,0,0,0,0,0,0,17,0,0
24.7894332,120.9942324,10.32800006866455,213.08302307128906,0.0,13.32,-38.82,16.92,-166.9156,0,0,0,-81,-86,0,0,0,0,0,0,17,0,0
24.7894332,120.9942324,10.32800006866455,213.08302307128906,0.0,10.92,-41.399998,5.1,-163.48169,0,0,0,-81,-86,0,0,0,0,0,0,17,0,0
24.7894264,120.9942286,10.331999778747559,211.62506103515625,0.0,0.42,-42.66,-10.62,-143.89937,0,0,0,-81,-86,0,0,0,0,0,0,17,0,0
24.7894264,120.9942286,10.331999778747559,211.62506103515625,0.0,-3.72,-43.2,-5.46,173.74886,0,0,0,-81,-86,0,0,0,0,0,0,17,0,0
24.7894183,120.9942247,10.312000274658203,210.16473388671875,0.0,12.0,-39.36,15.66,-171.49553,0,0,0,-81,-86,0,0,0,0,0,0,17,0,0
24.7894183,120.9942247,10.312000274658203,210.16473388671875,0.0,0.9,-43.44,-7.5,179.26778,0,0,0,-81,-86,0,0,0,0,0,0,17,0,0
24.7894183,120.9942247,10.312000274658203,210.16473388671875,0.0,-6.18,-40.2,-12.12,-159.87387,0,0,0,-81,-86,0,0,0,0,0,0,17,0,0
24.7894082,120.9942196,10.243000030517578,209.46929931640625,0.0,-1.56,-42.899998,7.5,-174.95746,0,0,0,-81,-86,0,0,0,0,0,0,17,0,0
24.7894082,120.9942196,10.243000030517578,209.46929931640625,0.0,13.5,-40.379997,7.44,-162.65083,0,0,0,-81,-86,0,0,0,0,0,0,17,0,0
24.789399,120.9942147,10.15999984741211,208.71534729003906,0.0,3.6,-42.54,-6.96,-170.24292,0,0,0,-81,-86,0,0,0,0,0,0,17,0,0
24.789399,120.9942147,10.15999984741211,208.71534729003906,0.0,1.56,-42.48,-8.34,-170.8756,0,0,0,-81,-86,0,0,0,0,0,0,17,0,0
24.789399,120.9942147,10.15999984741211,208.71534729003906,0.0,16.38,-38.879997,11.4,-158.92189,0,0,0,-81,-86,0,0,0,0,0,0,17,0,0
24.789399,120.9942147,10.15999984741211,208.71534729003906,0.0,18.9,-37.92,8.16,-149.73068,0,0,0,-81,-86,0,0,0,0,0,0,17,0,0
24.7893887,120.9942094,10.131999969482422,207.81759643554688,0.0,7.8599997,-42.18,-2.76,-169.42622,0,0,0,-81,-86,0,0,0,0,0,0,17,0,0
24.7893887,120.9942094,10.131999969482422,207.81759643554688,0.0,2.3999999,-41.76,-8.58,-171.1799,0,0,0,-81,-86,0,0,0,0,0,0,17,0,0
24.7893791,120.9942042,10.071000099182129,207.1688995361328,0.0,18.539999,-37.68,9.66,-164.8918,0,0,0,-80,-82,0,0,0,0,0,0,17,0,0
24.7893791,120.9942042,10.071000099182129,207.1688995361328,0.0,18.96,-40.98,4.62,-150.96762,0,0,0,-80,-82,0,0,0,0,0,0,17,0,0
24.7893791,120.9942042,10.071000099182129,207.1688995361328,0.0,7.14,-43.26,-6.54,-164.95811,0,0,0,-80,-82,0,0,0,0,0,0,17,0,0
24.7893695,120.9941983,10.027999877929688,207.1744842529297,0.0,2.9399998,-44.82,-2.3999999,-178.43565,0,0,0,-80,-82,0,0,0,0,0,0,17,0,0
24.7893695,120.9941983,10.027999877929688,207.1744842529297,0.0,18.3,-40.62,9.059999,172.90517,0,0,0,-80,-82,0,0,0,0,0,0,17,0,0
24.7893695,120.9941983,10.027999877929688,207.1744842529297,0.0,5.46,-43.86,-2.04,-168.81384,0,0,0,-80,-82,0,0,0,0,0,0,17,0,0
24.7893695,120.9941983,10.027999877929688,207.1744842529297,0.0,-0.29999998,-44.04,-2.1,-179.24509,0,0,0,-80,-82,0,0,0,0,0,0,17,0,0
24.7893587,120.9941926,9.956000328063965,206.84457397460938,0.0,18.539999,-37.079998,16.5,-156.44826,0,0,0,-80,-82,0,0,0,0,0,0,17,0,0
24.7893587,120.9941926,9.956000328063965,206.84457397460938,0.0,17.039999,-38.34,11.219999,-149.6616,0,0,0,-80,-82,0,0,0,0,0,0,17,0,0
24.7893481,120.9941878,9.894000053405762,206.15966796875,0.0,1.5,-43.559998,-3.06,-173.16566,0,0,0,-80,-82,0,0,0,0,0,0,17,0,0
24.7893481,120.9941878,9.894000053405762,206.15966796875,0.0,-0.78,-43.8,4.68,179.73894,0,0,0,-80,-82,0,0,0,0,0,0,17,0,0
24.7893481,120.9941878,9.894000053405762,206.15966796875,0.0,10.38,-38.7,18.06,-135.28178,0,0,0,-80,-82,0,0,0,0,0,0,17,0,0
24.789335,120.9941836,9.925999641418457,204.51051330566406,0.0,1.02,-43.32,5.16,-176.39023,0,0,0,0,0,0,-70,0,0,-67,0,17,0,0
24.789335,120.9941836,9.925999641418457,204.51051330566406,0.0,-5.16,-41.879997,-7.56,-167.0523,0,0,0,0,0,0,-70,0,0,-67,0,17,0,0
24.7893209,120.9941788,9.975000381469727,203.5170440673828,0.0,3.48,-41.52,12.54,-163.97618,0,0,0,0,0,0,-70,0,0,-67,0,17,0,0
24.7893209,120.9941788,9.975000381469727,203.5170440673828,0.0,14.099999,-39.54,12.96,-158.32973,0,0,0,0,0,0,-70,0,0,-67,0,17,0,0
24.7893209,120.9941788,9.975000381469727,203.5170440673828,0.0,-1.26,-43.62,1.3199999,177.33247,0,0,0,0,0,0,-70,0,0,-67,0,17,0,0
24.7893209,120.9941788,9.975000381469727,203.5170440673828,0.0,-10.8,-41.52,-9.48,-173.2921,0,0,0,0,0,0,-70,0,0,-67,0,17,0,0
24.7893066,120.9941745,10.012999534606934,202.22691345214844,0.0,6.7799997,-38.82,18.359999,-154.85228,0,0,0,0,0,0,-70,0,0,-67,0,17,0,0
24.7893066,120.9941745,10.012999534606934,202.22691345214844,0.0,15.42,-36.239998,16.26,-148.4106,0,0,0,0,0,0,-70,0,0,-67,0,17,0,0
24.7892932,120.9941719,10.01200008392334,200.65016174316406,0.0,0.17999999,-42.239998,1.8,177.937,0,0,0,0,0,0,-70,0,0,-67,0,17,0,0
24.7892932,120.9941719,10.01200008392334,200.65016174316406,0.0,-6.2999997,-41.579998,-5.1,171.07979,0,0,0,0,0,0,-70,0,0,-67,0,17,0,0
24.7892932,120.9941719,10.01200008392334,200.65016174316406,0.0,12.9,-38.52,16.08,-165.215,0,0,0,0,0,0,-70,0,0,-67,0,17,0,0
24.7892932,120.9941719,10.01200008392334,200.65016174316406,0.0,8.76,-40.379997,6.54,-165.0736,0,0,0,0,0,0,-70,0,0,-67,0,17,0,0
24.7892808,120.9941704,9.965999603271484,199.18194580078125,0.0,-1.62,-41.46,-4.7999997,-170.74113,0,0,0,0,0,0,-70,0,0,-67,0,17,0,0
24.7892808,120.9941704,9.965999603271484,199.18194580078125,0.0,-4.7999997,-42.42,1.74,173.33821,0,0,0,0,0,0,-70,0,0,-67,0,17,0,0
24.7892808,120.9941704,9.965999603271484,199.18194580078125,0.0,9.12,-38.46,13.98,-155.49854,0,0,0,0,0,0,-70,0,0,-67,0,17,0,0
24.7892688,120.9941696,10.02299976348877,197.62574768066406,0.0,4.62,-40.739998,-1.3199999,-173.1144,0,0,0,0,0,0,-70,0,0,-67,0,17,0,0
24.7892688,120.9941696,10.02299976348877,197.62574768066406,0.0,-3.78,-39.6,-11.94,-156.75269,0,0,0,0,0,0,-70,0,0,-67,0,17,0,0
24.7892588,120.9941686,10.060999870300293,196.6934814453125,0.0,4.5,-41.04,8.16,-167.51752,0,0,0,0,0,0,-70,0,0,-67,0,17,0,0
24.7892588,120.9941686,10.060999870300293,196.6934814453125,0.0,17.279999,-38.28,8.639999,-162.46494,0,0,0,0,0,0,-70,0,0,-67,0,17,0,0
24.7892588,120.9941686,10.060999870300293,196.6934814453125,0.0,5.04,-42.0,-1.74,-170.15356,0,0,0,0,0,0,-73,0,0,-67,0,17,0,0
24.7892588,120.9941686,10.060999870300293,196.6934814453125,0.0,-3.06,-42.54,-7.5,178.90543,0,0,0,0,0,0,-73,0,0,-67,0,17,0,0
24.7892467,120.9941703,10.121000289916992,194.17575073242188,0.0,8.22,-38.16,20.22,-158.07903,0,0,0,0,0,0,-73,0,0,-67,0,17,0,0
24.7892467,120.9941703,10.121000289916992,194.17575073242188,0.0,8.82,-38.579998,19.08,-152.64912,0,0,0,0,0,0,-73,0,0,-67,0,17,0,0
24.7892345,120.9941706,10.178000450134277,192.52334594726562,0.0,3.54,-43.5,2.7,171.66925,0,0,0,0,0,0,-73,0,0,-67,0,17,0,0
24.7892345,120.9941706,10.178000450134277,192.52334594726562,0.0,0.48,-43.26,7.98,-173.42456,0,0,0,0,0,0,-73,0,0,-67,0,17,0,0
24.7892345,120.9941706,10.178000450134277,192.52334594726562,0.0,13.139999,-33.84,25.199999,-147.50487,0,0,0,0,0,0,-73,0,0,-67,0,17,0,0
24.7892223,120.9941713,10.163000106811523,190.91456604003906,0.0,6.8399997,-41.1,8.639999,-163.80605,0,0,0,0,0,0,-73,0,0,-67,0,17,0,0
24.7892223,120.9941713,10.163000106811523,190.91456604003906,0.0,-2.6399999,-43.739998,-2.76,-165.54681,0,0,0,0,0,0,-73,0,0,-67,0,17,0,0
24.7892111,120.9941717,10.189000129699707,189.71702575683594,0.0,2.7,-40.379997,16.26,-155.41603,0,0,0,0,0,0,-73,0,0,-67,0,17,0,0
24.7892111,120.9941717,10.189000129699707,189.71702575683594,0.0,12.78,-41.52,11.28,-157.49713,0,0,0,0,0,0,-73,0,0,-67,0,17,0,0
24.7892111,120.9941717,10.189000129699707,189.71702575683594,0.0,-5.8199997,-41.7,-3.84,176.09775,0,0,0,0,0,0,-73,0,0,-67,0,17,0,0
24.7892,120.9941713,10.192999839782715,189.1022186279297,0.0,-5.8199997,-42.96,-1.9799999,172.40375,0,0,0,0,0,0,-73,0,0,-67,0,17,0,0
24.7892,120.9941713,10.192999839782715,189.1022186279297,0.0,13.86,-38.94,18.539999,-155.77058,0,0,0,0,0,0,-73,0,0,-67,0,17,0,0
24.7892,120.9941713,10.192999839782715,189.1022186279297,0.0,11.16,-41.94,10.44,-158.09259,0,0,0,0,0,0,-73,0,0,-67,0,17,0,0
24.7891886,120.9941709,10.225000381469727,188.38400268554688,0.0,3.48,-43.739998,-5.94,-165.6714,0,0,0,0,0,0,-73,0,0,-67,0,17,0,0
24.7891886,120.9941709,10.225000381469727,188.38400268554688,0.0,3.8999999,-43.14,9.24,-169.2579,0,0,0,0,0,0,-73,0,0,-67,0,17,0,0
24.7891886,120.9941709,10.225000381469727,188.38400268554688,0.0,17.64,-37.559998,18.72,-144.05858,0,0,0,0,0,0,-73,0,0,-67,0,17,0,0
24.7891782,120.9941709,10.211000442504883,187.22145080566406,0.0,10.98,-40.92,8.5199995,-158.44003,0,0,0,0,0,0,-73,0,0,-67,0,17,0,0
24.7891782,120.9941709,10.211000442504883,187.22145080566406,0.0,0.12,-43.5,-1.02,-177.38962,0,0,0,0,0,0,-73,0,0,-67,0,17,0,0
24.7891782,120.9941709,10.211000442504883,187.22145080566406,0.0,6.54,-40.2,15.78,-159.8638,0,0,0,0,0,0,-73,0,0,-67,0,17,0,0
24.7891782,120.9941709,10.211000442504883,187.22145080566406,0.0,17.34,-36.84,16.14,-149.40503,0,0,0,0,0,0,-73,0,0,-67,0,17,0,0
24.7891681,120.9941711,10.206999778747559,185.95677185058594,0.0,8.639999,-42.18,2.7,-166.75482,0,0,0,0,0,0,-73,0,0,-67,0,17,0,0
24.7891681,120.9941711,10.206999778747559,185.95677185058594,0.0,3.6599998,-42.48,-7.02,-171.2881,0,0,0,0,0,0,-73,0,0,-67,0,17,0,0
24.7891569,120.9941714,10.180999755859375,184.9313201904297,0.0,15.599999,-37.92,17.76,-156.2941,0,0,0,0,0,0,-73,0,0,-67,0,17,0,0
24.7891569,120.9941714,10.180999755859375,184.9313201904297,0.0,22.74,-36.059998,8.76,-147.28775,0,0,0,0,0,0,-73,0,0,-67,0,17,0,0
24.7891569,120.9941714,10.180999755859375,184.9313201904297,0.0,11.639999,-40.739998,-4.08,-157.32208,0,0,0,0,0,0,-73,0,0,-67,0,17,0,0
24.7891458,120.9941711,10.12399959564209,184.51815795898438,0.0,0.96,-42.78,-7.2,-178.30667,0,0,0,0,0,0,-73,0,0,-67,0,17,0,0
24.7891458,120.9941711,10.12399959564209,184.51815795898438,0.0,16.859999,-35.04,18.359999,-157.90501,0,0,0,0,0,0,-73,0,0,-67,0,17,0,0
24.7891458,120.9941711,10.12399959564209,184.51815795898438,0.0,14.88,-40.32,7.14,-157.02246,0,0,0,0,0,0,-73,0,0,-67,0,17,0,0
24.7891371,120.9941719,10.074999809265137,183.70852661132812,0.0,1.3199999,-42.719997,-2.3999999,-173.56566,0,0,0,0,0,0,-73,0,0,-67,0,17,0,0
24.7891275,120.994172,10.041000366210938,183.3640899658203,0.0,-2.76,-38.28,16.98,-171.83592,0,0,0,0,0,0,-73,0,0,-67,0,17,0,0
24.7891275,120.994172,10.041000366210938,183.3640899658203,0.0,15.299999,-33.36,23.939999,-141.8652,0,0,0,0,0,0,-73,0,0,-67,0,17,0,0
24.7891275,120.994172,10.041000366210938,183.3640899658203,0.0,9.3,-40.739998,10.62,-157.44647,0,0,0,0,0,0,-73,0,0,-67,0,17,0,0
24.7891275,120.994172,10.041000366210938,183.3640899658203,0.0,3.1799998,-42.6,-1.14,-171.39088,0,0,0,0,0,0,-73,0,0,-67,0,17,0,0
24.7891175,120.9941717,9.965999603271484,182.96636962890625,0.0,6.24,-40.14,15.24,-158.8938,0,0,0,0,0,0,-73,0,0,-67,0,17,0,0
24.7891175,120.9941717,9.965999603271484,182.96636962890625,0.0,8.46,-35.88,23.22,-146.65627,0,0,0,0,0,0,-73,0,0,-67,0,17,0,0
24.7891059,120.9941703,9.854000091552734,183.0377655029297,0.0,-0.17999999,-42.96,0.42,178.96178,0,0,0,0,0,0,-73,0,0,-67,0,17,0,0
24.7891059,120.9941703,9.854000091552734,183.0377655029297,0.0,-4.74,-43.379997,-7.2,172.68942,0,0,0,0,0,0,-73,0,0,-67,0,17,0,0
24.7891059,120.9941703,9.854000091552734,183.0377655029297,0.0,11.219999,-40.32,17.16,-164.28795,0,0,0,0,0,0,-73,0,0,-67,0,17,0,0
24.7891059,120.9941703,9.854000091552734,183.0377655029297,0.0,12.96,-42.36,8.46,-157.58995,0,0,0,0,0,0,-73,0,0,-67,0,17,0,0
24.789094,120.9941699,9.942999839782715,182.75503540039062,0.0,3.54,-44.82,-2.6399999,-176.3416,0,0,0,0,0,0,-73,0,0,-67,0,17,0,0
24.789084,120.9941708,9.92300033569336,182.16978454589844,0.0,-9.12,-42.96,-2.76,170.49033,0,0,0,0,0,0,-73,0,0,-67,0,17,0,0
24.789084,120.9941708,9.92300033569336,182.16978454589844,0.0,6.6,-43.44,6.24,-166.1554,0,0,0,0,0,0,-73,0,0,-67,0,17,0,0
24.789084,120.9941708,9.92300033569336,182.16978454589844,0.0,-5.46,-43.26,-3.0,172.93106,0,0,0,0,0,0,-73,0,0,-67,0,17,0,0
24.789084,120.9941708,9.92300033569336,182.16978454589844,0.0,-13.44,-41.94,-8.94,176.08778,0,0,0,0,0,0,-73,0,0,-67,0,17,0,0
24.7890735,120.9941707,9.89799976348877,181.92724609375,0.0,6.54,-41.399998,13.259999,-160.53955,0,0,0,0,0,0,-73,0,0,-67,0,17,0,0
24.7890735,120.9941707,9.89799976348877,181.92724609375,0.0,10.32,-42.239998,7.62,-163.02213,0,0,0,0,0,0,-73,0,0,-67,0,17,0,0
24.7890627,120.994171,9.901000022888184,181.75453186035156,0.0,-2.52,-44.1,-1.86,-175.81412,0,0,0,0,0,0,-73,0,0,-67,0,17,0,0
24.7890627,120.994171,9.901000022888184,181.75453186035156,0.0,-7.5,-42.719997,-3.4199998,170.22345,0,0,0,0,0,0,-73,0,0,-67,0,17,0,0
24.7890627,120.994171,9.901000022888184,181.75453186035156,0.0,9.3,-37.44,21.359999,-138.44589,0,0,0,0,0,0,-73,0,0,-67,0,17,0,0
24.7890627,120.994171,9.901000022888184,181.75453186035156,0.0,6.8999996,-41.579998,11.34,-165.05296,0,0,0,0,0,0,-73,0,0,-67,0,17,0,0
24.7890523,120.9941718,9.911999702453613,181.52679443359375,0.0,-2.04,-43.98,-3.72,-176.93433,0,0,0,0,0,0,-73,0,0,-67,0,17,0,0
24.7890417,120.994172,9.904999732971191,181.3982391357422,0.0,2.22,-41.34,15.66,-162.45995,0,0,0,0,0,0,-73,0,0,-67,0,17,0,0
24.7890417,120.994172,9.904999732971191,181.3982391357422,0.0,16.38,-35.94,19.74,-154.89494,0,0,0,0,0,0,-73,0,0,-67,0,17,0,0
24.7890417,120.994172,9.904999732971191,181.3982391357422,0.0,5.22,-43.5,6.48,-168.1446,0,0,0,0,0,0,-73,0,0,-67,0,17,0,0
24.7890417,120.994172,9.904999732971191,181.3982391357422,0.0,-2.1,-43.14,-3.8999999,176.73924,0,0,0,0,0,0,-73,0,0,-67,0,17,0,0
24.7890314,120.9941719,9.916999816894531,181.10887145996094,0.0,8.28,-34.98,23.64,-146.71236,0,0,0,0,0,0,-73,0,0,-67,0,17,0,0
24.7890314,120.9941719,9.916999816894531,181.10887145996094,0.0,10.32,-35.88,19.74,-149.2818,0,0,0,0,0,0,-73,0,0,-67,0,17,0,0
24.7890209,120.9941721,9.970000267028809,180.8614044189453,0.0,3.36,-42.0,-1.0799999,178.45242,0,0,0,0,0,0,-73,0,0,-67,0,17,0,0
24.7890209,120.9941721,9.970000267028809,180.8614044189453,0.0,-2.22,-41.52,-2.6399999,175.74693,0,0,0,0,0,0,-73,0,0,-67,0,17,0,0
24.7890209,120.9941721,9.970000267028809,180.8614044189453,0.0,9.78,-35.76,21.9,-167.54565,0,0,0,0,0,0,-73,0,0,-67,0,17,0,0
24.7890209,120.9941721,9.970000267028809,180.8614044189453,0.0,13.0199995,-39.059998,6.48,-158.71028,0,0,0,0,0,0,-73,0,0,-67,0,17,0,0
24.7890106,120.9941724,9.947999954223633,180.8028106689453,0.0,8.46,-41.64,-6.6,-158.93878,0,0,0,0,0,0,-73,0,0,-67,0,17,0,0
24.7890106,120.9941724,9.947999954223633,180.8028106689453,0.0,6.8399997,-40.68,11.88,-161.34245,0,0,-76,0,-83,0,0,0,0,0,0,17,0,0
24.7890106,120.9941724,9.947999954223633,180.8028106689453,0.0,15.719999,-34.8,19.98,-173.9688,0,0,-76,0,-83,0,0,0,0,0,0,17,0,0
24.7889987,120.9941726,9.87399959564209,180.691162109375,0.0,6.48,-42.6,7.74,-161.71324,0,0,-76,0,-83,0,0,0,0,0,0,17,0,0
24.7889987,120.9941726,9.87399959564209,180.691162109375,0.0,-0.53999996,-43.26,1.92,177.62479,0,0,-76,0,-83,0,0,0,0,0,0,17,0,0
24.7889868,120.9941724,9.895000457763672,180.70611572265625,0.0,11.94,-36.239998,22.439999,-144.99667,0,0,-76,0,-83,0,0,0,0,0,0,17,0,0
24.7889868,120.9941724,9.895000457763672,180.70611572265625,0.0,11.46,-38.64,15.12,-150.14287,0,0,-76,0,-83,0,0,0,0,0,0,17,0,0
24.7889868,120.9941724,9.895000457763672,180.70611572265625,0.0,-0.71999997,-42.66,-4.3199997,-171.66504,0,0,-76,0,-83,0,0,0,0,0,0,17,0,0
24.7889868,120.9941724,9.895000457763672,180.70611572265625,0.0,-2.46,-43.68,-2.6399999,176.17009,0,0,-76,0,-83,0,0,0,0,0,0,17,0,0
24.7889754,120.9941719,9.895999908447266,181.11361694335938,0.0,12.84,-40.2,13.44,-158.48927,0,0,-76,0,-83,0,0,0,0,0,0,17,0,0
24.7889754,120.9941719,9.895999908447266,181.11361694335938,0.0,3.4199998,-43.62,1.02,-174.57764,0,0,-76,0,-83,0,0,0,0,0,0,17,0,0
24.788965,120.9941709,9.939000129699707,181.26011657714844,0.0,-9.179999,-42.6,-6.72,-172.25063,0,0,-76,0,-83,0,0,0,0,0,0,17,0,0
24.788965,120.9941709,9.939000129699707,181.26011657714844,0.0,0.59999996,-42.0,16.26,-160.1796,0,0,-76,0,-83,0,0,0,0,0,0,17,0,0
24.788965,120.9941709,9.939000129699707,181.26011657714844,0.0,7.3799996,-42.18,15.96,-157.2655,0,0,-76,0,-83,0,0,0,0,0,0,17,0,0
24.7880638,120.994508,9.984000205993652,104.2346420288086,0.0,-19.8,-24.48,-32.16,118.77152,-87,0,-87,0,0,0,0,0,0,0,0,17,0,0
24.7880634,120.994523,10.072999954223633,98.43426513671875,0.0,-5.94,-10.08,-42.3,-89.418465,-87,0,-87,0,0,0,0,0,0,0,0,17,0,0
24.7880636,120.9945391,10.095999717712402,98.24102783203125,0.0,-20.4,-25.92,-28.38,127.68607,-87,0,-87,0,0,0,0,0,0,0,0,17,0,0
24.7880636,120.9945391,10.095999717712402,98.24102783203125,0.0,-14.34,-34.44,-22.439999,117.94468,-87,0,-87,0,0,0,0,0,0,0,0,17,0,0
24.7880636,120.9945391,10.095999717712402,98.24102783203125,0.0,-15.0,-14.639999,-39.18,23.116032,-87,0,-87,0,0,0,0,0,0,0,0,17,0,0
24.7880636,120.9945391,10.095999717712402,98.24102783203125,0.0,-19.14,-10.74,-39.96,15.82776,-87,0,-87,0,0,0,0,0,0,0,0,17,0,0
24.7880627,120.9945525,10.0649995803833,100.50697326660156,0.0,-29.22,-30.359999,-16.5,-126.442184,-87,0,-87,0,0,0,0,0,0,0,0,17,0,0
24.7880627,120.9945525,10.0649995803833,100.50697326660156,0.0,-19.08,-30.119999,-25.98,132.46437,-87,0,-87,0,0,0,0,0,0,0,0,17,0,0
24.7880627,120.9945525,10.0649995803833,100.50697326660156,0.0,-4.38,-10.32,-42.66,-51.335888,-87,0,-87,0,0,0,0,0,0,0,0,17,0,0
24.7880627,120.9945525,10.0649995803833,100.50697326660156,0.0,-18.779999,-12.42,-38.7,99.37666,-87,0,-87,0,0,0,0,0,0,0,0,17,0,0
24.7880622,120.9945672,10.069999694824219,98.60167694091797,0.0,-20.46,-33.719997,-21.06,159.06525,-87,0,-87,0,0,0,0,0,0,0,0,17,0,0
24.7880617,120.9945808,10.098999977111816,97.31702423095703,0.0,-18.42,-20.82,-35.1,97.273796,-87,0,-87,0,0,0,0,0,0,0,0,17,0,0
24.7880617,120.9945808,10.098999977111816,97.31702423095703,0.0,-13.92,-7.44,-42.42,-127.08199,-87,0,-87,0,0,0,0,0,0,0,0,17,0,0
24.7880617,120.9945808,10.098999977111816,97.31702423095703,0.0,-28.199999,-28.439999,-19.439999,139.48274,-87,0,-87,0,0,0,0,0,0,0,0,17,0,0
24.7880617,120.9945808,10.098999977111816,97.31702423095703,0.0,-25.14,-34.26,-14.5199995,145.42874,-87,0,-87,0,0,0,0,0,0,0,0,17,0,0
24.7880617,120.9945808,10.098999977111816,97.31702423095703,0.0,-17.22,-22.859999,-33.899998,-92.26147,-87,0,-87,0,0,0,0,0,0,0,0,17,0,0
24.7880617,120.9945808,10.098999977111816,97.31702423095703,0.0,-16.74,-9.42,-39.48,44.827232,-87,0,-87,0,0,0,0,0,0,0,0,17,0,0
24.788062,120.9945952,10.131999969482422,95.42125701904297,0.0,-24.539999,-30.3,-23.82,128.82547,-84,0,-80,0,0,0,0,0,0,0,0,17,0,0
24.788062,120.9945952,10.131999969482422,95.42125701904297,0.0,-15.48,-31.38,-27.599998,134.86902,-84,0,-80,0,0,0,0,0,0,0,0,17,0,0
24.788062,120.9945952,10.131999969482422,95.42125701904297,0.0,-3.48,-1.62,-44.76,-13.65707,-84,0,-80,0,0,0,0,0,0,0,0,17,0,0
24.7880644,120.9946225,10.109000205993652,92.50373840332031,0.0,-16.92,-19.74,-37.02,116.90218,-84,0,-80,0,0,0,0,0,0,0,0,17,0,0
24.7880644,120.9946225,10.109000205993652,92.50373840332031,0.0,-20.4,-29.22,-26.699999,150.44273,-84,0,-80,0,0,0,0,0,0,0,0,17,0,0
24.7880644,120.9946225,10.109000205993652,92.50373840332031,0.0,-11.5199995,-8.639999,-41.879997,38.89843,-84,0,-80,0,0,0,0,0,0,0,0,17,0,0
24.7880664,120.994637,10.079000473022461,90.37816619873047,0.0,-15.24,-2.9399998,-43.02,32.74439,-84,0,-80,0,0,0,0,0,0,0,0,17,0,0
24.7880664,120.994637,10.079000473022461,90.37816619873047,0.0,-27.539999,-29.76,-17.94,143.27632,-84,0,-80,0,0,0,0,0,0,0,0,17,0,0
24.7880664,120.994637,10.079000473022461,90.37816619873047,0.0,-19.98,-30.539999,-25.98,131.61456,-84,0,-80,0,0,0,0,0,0,0,0,17,0,0
24.7880681,120.9946494,10.119000434875488,87.7935562133789,0.0,-9.599999,-6.48,-42.78,-67.7006,-84,0,-80,0,0,0,0,0,0,0,0,17,0,0
24.7880681,120.9946494,10.119000434875488,87.7935562133789,0.0,-22.02,-3.6599998,-40.68,63.133434,-84,0,-80,0,0,0,0,0,0,0,0,17,0,0
24.7880681,120.9946494,10.119000434875488,87.7935562133789,0.0,-26.34,-30.72,-19.98,108.977104,-84,0,-80,0,0,0,0,0,0,0,0,17,0,0
24.7880681,120.9946494,10.119000434875488,87.7935562133789,0.0,-22.26,-21.06,-33.719997,102.574295,-84,0,-80,0,0,0,0,0,0,0,0,17,0,0
24.788071,120.9946653,10.21500015258789,84.93327331542969,0.0,-12.3,-3.72,-42.239998,-30.567947,-84,0,-80,0,0,0,0,0,0,0,0,17,0,0
24.7880721,120.9946804,10.293999671936035,85.140380859375,0.0,-29.64,-26.46,-20.88,150.49391,-84,0,-80,0,0,0,0,0,0,0,0,17,0,0
24.7880721,120.9946804,10.293999671936035,85.140380859375,0.0,-23.76,-32.7,-19.92,2.4027686,-84,0,-80,0,0,0,0,0,0,0,0,17,0,0
24.7880721,120.9946804,10.293999671936035,85.140380859375,0.0,-11.46,-8.04,-41.64,10.984822,-84,0,-80,0,0,0,0,0,0,0,0,17,0,0
24.7880721,120.9946804,10.293999671936035,85.140380859375,0.0,-6.54,6.24,-42.6,21.688454,-84,0,-80,0,0,0,0,0,0,0,0,17,0,0
24.7880735,120.994695,10.305000305175781,84.83014678955078,0.0,-23.58,-25.92,-28.08,128.86673,-84,0,-80,0,0,0,0,0,0,0,0,17,0,0
24.7880735,120.994695,10.305000305175781,84.83014678955078,0.0,-12.96,-18.18,-37.32,112.51132,-84,0,-80,0,0,0,0,0,0,0,0,17,0,0
24.7880759,120.9947095,10.270999908447266,83.56598663330078,0.0,-4.08,5.7,-42.78,-60.310265,-84,0,-80,0,0,0,0,0,0,0,0,17,0,0
24.7880759,120.9947095,10.270999908447266,83.56598663330078,0.0,-21.539999,-4.2599998,-39.36,92.721436,-84,0,-80,0,0,0,0,0,0,0,0,17,0,0
24.7880759,120.9947095,10.270999908447266,83.56598663330078,0.0,-25.439999,-18.06,-33.54,-11.393382,-84,0,-80,0,0,0,0,0,0,0,0,17,0,0
24.7880796,120.9947257,10.279999732971191,81.40718078613281,0.0,-12.0,2.34,-42.6,54.373024,-84,0,-80,0,0,0,0,0,0,0,0,17,0,0
24.7880796,120.9947257,10.279999732971191,81.40718078613281,0.0,-8.5199995,15.54,-39.54,3.5340002,-84,0,-80,0,0,0,0,0,0,0,0,17,0,0
24.7880835,120.99474,10.27299976348877,79.38965606689453,0.0,-22.5,-15.059999,-36.48,106.12298,-84,0,-80,0,0,0,0,0,0,0,0,17,0,0
24.7880835,120.99474,10.27299976348877,79.38965606689453,0.0,-18.96,-7.08,-39.899998,98.71274,-84,0,-80,0,0,0,0,0,0,0,0,17,0,0
24.7880835,120.99474,10.27299976348877,79.38965606689453,0.0,-8.7,14.4,-40.739998,-48.36607,-84,0,-80,0,0,0,0,0,0,0,0,17,0,0
24.7880835,120.99474,10.27299976348877,79.38965606689453,0.0,-25.92,2.04,-39.0,80.05463,-84,0,-80,0,0,0,0,0,0,0,0,17,0,0
24.7880877,120.9947544,10.253999710083008,77.61785888671875,0.0,-32.34,-17.039999,-29.099998,40.167084,-84,0,-80,0,0,0,0,0,0,0,0,17,0,0
24.7880877,120.9947544,10.253999710083008,77.61785888671875,0.0,-17.58,-2.1599998,-40.98,51.09352,-84,0,-80,0,0,0,0,0,0,0,0,17,0,0
24.7880928,120.9947683,10.211999893188477,76.01522827148438,0.0,-9.059999,4.14,-41.879997,-1.7455164,-84,0,-80,0,0,0,0,0,0,0,0,17,0,0
24.7880928,120.9947683,10.211999893188477,76.01522827148438,0.0,-19.8,-20.1,-34.8,117.65855,-84,0,-80,0,0,0,0,0,0,0,0,17,0,0
24.7880928,120.9947683,10.211999893188477,76.01522827148438,0.0,-14.82,-15.36,-37.38,113.19129,-84,0,-80,0,0,0,0,0,0,0,0,17,0,0
24.788098,120.9947816,10.161999702453613,74.99282836914062,0.0,-1.86,7.56,-41.64,-57.895348,-84,0,-80,0,0,0,0,0,0,0,0,17,0,0
24.7889525,120.9950638,10.121000289916992,359.4219970703125,0.0,14.04,9.84,-38.34,31.433428,-90,-85,0,0,0,0,0,0,0,0,0,17,0,0
24.7889709,120.9950618,10.10099983215332,359.0130310058594,0.0,27.779999,23.279999,-19.56,-75.26799,-90,-85,0,0,0,0,0,0,0,0,0,17,0,0
24.7889709,120.9950618,10.10099983215332,359.0130310058594,0.0,12.3,10.92,-38.34,30.591824,-90,-85,0,0,0,0,0,0,0,0,0,17,0,0
24.7889862,120.995061,10.081000328063965,358.91888427734375,0.0,6.72,4.98,-41.399998,36.472683,-90,-85,0,0,0,0,0,0,0,0,0,17,0,0
24.7889862,120.995061,10.081000328063965,358.91888427734375,0.0,22.439999,25.92,-23.699999,-22.878942,-90,-85,0,0,0,0,0,0,0,0,0,17,0,0
24.7889862,120.995061,10.081000328063965,358.91888427734375,0.0,30.599998,23.039999,-18.3,-45.074753,-90,-85,0,0,0,0,0,0,0,0,0,17,0,0
24.7890021,120.9950609,10.163000106811523,358.9318542480469,0.0,9.36,-4.56,-41.64,109.16719,-90,-85,0,0,0,0,0,0,0,0,0,17,0,0
24.7890021,120.9950609,10.163000106811523,358.9318542480469,0.0,22.98,21.72,-28.14,-21.35781,-90,-85,0,0,0,0,0,0,0,0,0,17,0,0
24.7890021,120.9950609,10.163000106811523,358.9318542480469,0.0,30.96,25.68,-18.66,-89.1328,-90,-85,0,0,0,0,0,0,0,0,0,17,0,0
24.7890021,120.9950609,10.163000106811523,358.9318542480469,0.0,8.46,-2.1599998,-43.739998,94.58501,-90,-85,0,0,0,0,0,0,0,0,0,17,0,0
24.7890021,120.9950609,10.163000106811523,358.9318542480469,0.0,0.24,2.7,-44.34,89.63589,-90,-85,0,0,0,0,0,0,0,0,0,17,0,0
24.7890193,120.9950612,10.28600025177002,359.11431884765625,0.0,26.099998,23.22,-24.42,-57.061543,-90,-85,0,0,0,0,0,0,0,0,0,17,0,0
24.7890193,120.9950612,10.28600025177002,359.11431884765625,0.0,23.64,16.5,-32.16,-38.58021,-90,-85,0,0,0,0,0,0,0,0,0,17,0,0
24.7890345,120.9950616,10.241000175476074,359.3315734863281,0.0,2.04,-2.6399999,-43.2,72.12067,0,-76,0,0,0,0,0,0,-67,0,0,17,0,0
24.7890345,120.9950616,10.241000175476074,359.3315734863281,0.0,19.92,24.66,-27.66,-15.785252,0,-76,0,0,0,0,0,0,-67,0,0,17,0,0
24.7890345,120.9950616,10.241000175476074,359.3315734863281,0.0,30.599998,22.14,-20.22,-52.574184,0,-76,0,0,0,0,0,0,-67,0,0,17,0,0
24.7890345,120.9950616,10.241000175476074,359.3315734863281,0.0,3.54,1.74,-43.44,88.989426,0,-76,0,0,0,0,0,0,-67,0,0,17,0,0
24.7890345,120.9950616,10.241000175476074,359.3315734863281,0.0,11.759999,14.04,-39.66,44.974037,0,-76,0,0,0,0,0,0,-67,0,0,17,0,0
24.7890634,120.9950635,10.295999526977539,359.9375305175781,0.0,33.84,10.08,-26.039999,-79.615906,0,-76,0,0,0,0,0,0,-67,0,0,17,0,0
24.7890634,120.9950635,10.295999526977539,359.9375305175781,0.0,13.62,6.66,-40.86,72.08262,0,-76,0,0,0,0,0,0,-67,0,0,17,0,0
24.7890634,120.9950635,10.295999526977539,359.9375305175781,0.0,12.78,7.44,-41.219997,112.23001,0,-76,0,0,0,0,0,0,-67,0,0,17,0,0
24.789078,120.9950644,10.300999641418457,359.9790954589844,0.0,26.88,25.56,-23.22,-65.43716,0,-76,0,0,0,0,0,0,-67,0,0,17,0,0
24.789078,120.9950644,10.300999641418457,359.9790954589844,0.0,16.38,17.52,-35.82,-27.352604,0,-76,0,0,0,0,0,0,-67,0,0,17,0,0
24.789078,120.9950644,10.300999641418457,359.9790954589844,0.0,-5.16,-1.1999999,-43.86,43.52323,0,-76,0,0,0,0,0,0,-67,0,0,17,0,0
24.789078,120.9950644,10.300999641418457,359.9790954589844,0.0,10.8,20.64,-36.66,-11.552097,0,-76,0,0,0,0,0,0,-67,0,0,17,0,0
24.7890929,120.9950641,10.357000350952148,359.6080017089844,0.0,24.72,21.6,-27.06,-53.1442,0,-76,0,0,0,0,0,0,-67,0,0,17,0,0
24.7892294,120.9950776,10.222999572753906,3.742414712905884,0.0,7.02,21.42,-39.059998,-28.699587,-88,-87,0,0,0,0,0,0,0,0,0,17,0,0
24.789242,120.9950814,10.097999572753906,4.968097686767578,0.0,6.24,15.96,-41.34,-21.786287,-88,-87,0,0,0,0,0,0,0,0,0,17,0,0
24.789242,120.9950814,10.097999572753906,4.968097686767578,0.0,9.3,13.86,-41.76,-19.670963,-88,-87,0,0,0,0,0,0,0,0,0,17,0,0
24.789242,120.9950814,10.097999572753906,4.968097686767578,0.0,10.08,12.9,-41.16,-24.454723,-88,-87,0,0,0,0,0,0,0,0,0,17,0,0
24.789242,120.9950814,10.097999572753906,4.968097686767578,0.0,10.92,11.88,-41.52,-31.224998,-88,-87,0,0,0,0,0,0,0,0,0,17,0,0
24.789242,120.9950814,10.097999572753906,4.968097686767578,0.0,13.259999,9.48,-40.86,-43.317356,-88,-87,0,0,0,0,0,0,0,0,0,17,0,0
24.7892502,120.995084,9.993000030517578,5.601097106933594,0.0,14.46,9.84,-41.82,-41.20937,-88,-87,0,0,0,0,0,0,0,0,0,17,0,0
